image_file_name:
IMG_023.jpg
rectangles:
407.000000 754.000000 -0.747164 0.000000 0.000000 13.000000 1.000000 
474.000000 823.000000 2.341155 0.000000 0.000000 11.000000 0.000000 
499.000000 375.000000 -2.524178 0.000000 0.000000 23.000000 1.000000 
470.000000 415.000000 2.416275 0.000000 0.000000 1.000000 1.000000 
433.000000 448.000000 2.354168 0.000000 0.000000 6.000000 1.000000 
474.000000 694.000000 0.902913 0.000000 0.000000 4.000000 1.000000 
546.000000 764.000000 -2.215652 0.000000 0.000000 12.000000 1.000000 
504.000000 734.000000 -0.565103 0.000000 0.000000 19.000000 1.000000 
556.000000 427.000000 -2.423591 0.000000 0.000000 8.000000 1.000000 
492.000000 497.000000 -2.414832 0.000000 0.000000 26.000000 1.000000 
805.000000 474.000000 -0.181748 0.000000 0.000000 13.000000 1.000000 
847.000000 484.000000 3.075155 0.000000 0.000000 24.000000 1.000000 
753.000000 477.000000 -0.059668 0.000000 0.000000 20.000000 1.000000 
753.000000 589.000000 -3.040829 0.000000 0.000000 2.000000 1.000000 
849.000000 588.000000 0.060587 0.000000 0.000000 21.000000 1.000000 
1035.000000 696.000000 2.267412 0.000000 0.000000 15.000000 1.000000 
1022.000000 743.000000 -2.380209 0.000000 0.000000 16.000000 1.000000 
989.000000 781.000000 -0.884730 0.000000 0.000000 17.000000 1.000000 
1143.000000 466.000000 -2.790464 0.000000 0.000000 13.000000 1.000000 
1050.000000 431.000000 0.414275 0.000000 0.000000 7.000000 1.000000 
1082.000000 347.000000 -2.600119 0.000000 0.000000 18.000000 1.000000 
1171.000000 384.000000 -2.621955 0.000000 0.000000 26.000000 1.000000 
1145.000000 753.000000 0.723221 0.000000 0.000000 7.000000 1.000000 
1127.000000 798.000000 -2.396179 0.000000 0.000000 25.000000 0.000000 
1093.000000 837.000000 2.405426 0.000000 0.000000 21.000000 0.000000 
439.000000 791.000000 0.805388 0.000000 0.000000 3.000000 0.000000 
527.000000 462.000000 2.263954 0.000000 0.000000 3.000000 1.000000 
800.000000 593.000000 -1.476954 0.000000 0.000000 18.000000 1.000000 
1095.000000 451.000000 0.375430 0.000000 0.000000 5.000000 1.000000 
1125.000000 371.000000 0.520539 0.000000 0.000000 25.000000 1.000000 
