image_file_name:
IMG_033.jpg
rectangles:
440.000000 979.000000 -0.341616 1.000000 2.000000 0.000000 0.000000 
381.000000 1107.000000 -0.342288 1.000000 4.000000 0.000000 0.000000 
346.000000 1011.000000 2.802038 0.000000 0.000000 7.000000 0.000000 
392.000000 991.000000 -0.360959 4.000000 3.000000 0.000000 0.000000 
461.000000 1026.000000 -0.298219 5.000000 6.000000 0.000000 0.000000 
428.000000 1091.000000 -0.393925 6.000000 2.000000 0.000000 0.000000 
366.000000 1059.000000 -0.274386 5.000000 5.000000 0.000000 0.000000 
413.000000 1042.000000 2.809910 0.000000 0.000000 1.000000 0.000000 
476.000000 1075.000000 2.773658 0.000000 0.000000 12.000000 0.000000 
