image_file_name:
IMG_036.jpg
rectangles:
323.000000 524.000000 0.373545 4.000000 2.000000 0.000000 1.000000 
463.000000 715.000000 0.395900 3.000000 1.000000 0.000000 1.000000 
472.000000 591.000000 0.144265 2.000000 4.000000 0.000000 1.000000 
564.000000 829.000000 0.682622 6.000000 5.000000 0.000000 0.000000 
584.000000 669.000000 -0.749391 3.000000 5.000000 0.000000 1.000000 
608.000000 407.000000 -0.177174 5.000000 4.000000 0.000000 1.000000 
692.000000 610.000000 0.518111 0.000000 0.000000 6.000000 1.000000 
711.000000 451.000000 0.308417 3.000000 6.000000 0.000000 1.000000 
744.000000 841.000000 -0.118815 0.000000 0.000000 23.000000 1.000000 
776.000000 572.000000 -3.065607 0.000000 0.000000 22.000000 1.000000 
806.000000 766.000000 -0.725754 3.000000 3.000000 0.000000 1.000000 
844.000000 710.000000 0.386462 4.000000 5.000000 0.000000 1.000000 
893.000000 318.000000 0.060225 0.000000 0.000000 13.000000 1.000000 
908.000000 867.000000 0.515188 0.000000 0.000000 21.000000 0.000000 
984.000000 468.000000 2.240744 0.000000 0.000000 11.000000 1.000000 
1007.000000 783.000000 2.728665 0.000000 0.000000 18.000000 1.000000 
1034.000000 628.000000 -0.249605 3.000000 6.000000 0.000000 1.000000 
1168.000000 545.000000 0.259235 6.000000 1.000000 0.000000 1.000000 
1185.000000 733.000000 0.105368 1.000000 6.000000 0.000000 1.000000 
