image_file_name:
IMG_039.jpg
rectangles:
510.000000 595.000000 3.018063 0.000000 0.000000 19.000000 1.000000 
514.000000 425.000000 0.210710 4.000000 6.000000 0.000000 1.000000 
574.000000 590.000000 -3.065268 0.000000 0.000000 3.000000 1.000000 
630.000000 427.000000 -0.010398 6.000000 6.000000 0.000000 1.000000 
685.000000 592.000000 -1.521550 0.000000 0.000000 26.000000 1.000000 
633.000000 591.000000 3.124435 0.000000 0.000000 9.000000 1.000000 
736.000000 427.000000 0.087059 2.000000 2.000000 0.000000 1.000000 
739.000000 589.000000 0.042989 0.000000 0.000000 15.000000 1.000000 
796.000000 590.000000 -3.063716 0.000000 0.000000 18.000000 1.000000 
846.000000 589.000000 3.101174 0.000000 0.000000 20.000000 1.000000 
856.000000 424.000000 0.039970 3.000000 3.000000 0.000000 1.000000 
907.000000 592.000000 -3.042895 0.000000 0.000000 1.000000 1.000000 
963.000000 596.000000 -3.050037 0.000000 0.000000 8.000000 1.000000 
964.000000 429.000000 0.099565 1.000000 4.000000 0.000000 1.000000 
1018.000000 595.000000 -3.129762 0.000000 0.000000 3.000000 1.000000 
1081.000000 591.000000 -3.110126 0.000000 0.000000 5.000000 1.000000 
1084.000000 429.000000 0.023592 5.000000 6.000000 0.000000 1.000000 
1154.000000 594.000000 -3.069003 0.000000 0.000000 13.000000 1.000000 
