image_file_name:
IMG_047.jpg
rectangles:
519.000000 923.000000 0.605483 6.000000 1.000000 0.000000 0.000000 
566.000000 885.000000 -0.108309 1.000000 3.000000 0.000000 0.000000 
544.000000 748.000000 1.219101 0.000000 0.000000 10.000000 1.000000 
604.000000 761.000000 1.121224 0.000000 0.000000 16.000000 1.000000 
554.000000 647.000000 0.267355 3.000000 6.000000 0.000000 1.000000 
561.000000 813.000000 0.331683 3.000000 1.000000 0.000000 1.000000 
643.000000 633.000000 -1.693986 0.000000 0.000000 19.000000 1.000000 
700.000000 657.000000 -0.545807 5.000000 6.000000 0.000000 1.000000 
697.000000 592.000000 -0.552446 6.000000 5.000000 0.000000 1.000000 
799.000000 608.000000 1.280694 0.000000 0.000000 2.000000 1.000000 
855.000000 643.000000 -1.541372 0.000000 0.000000 22.000000 1.000000 
922.000000 684.000000 -1.799151 0.000000 0.000000 4.000000 1.000000 
891.000000 747.000000 -0.558415 2.000000 1.000000 0.000000 1.000000 
820.000000 692.000000 -0.031976 5.000000 5.000000 0.000000 1.000000 
724.000000 702.000000 -0.516100 4.000000 6.000000 0.000000 1.000000 
697.000000 777.000000 -0.655630 6.000000 3.000000 0.000000 1.000000 
727.000000 824.000000 0.411908 3.000000 5.000000 0.000000 1.000000 
650.000000 810.000000 0.375328 1.000000 1.000000 0.000000 1.000000 
600.000000 700.000000 -0.342386 1.000000 2.000000 0.000000 1.000000 
717.000000 886.000000 0.019260 4.000000 5.000000 0.000000 0.000000 
766.000000 760.000000 -0.134846 1.000000 6.000000 0.000000 1.000000 
823.000000 816.000000 -0.873330 0.000000 0.000000 13.000000 1.000000 
925.000000 839.000000 0.653561 1.000000 5.000000 0.000000 1.000000 
650.000000 687.000000 -0.458508 2.000000 6.000000 0.000000 1.000000 
674.000000 734.000000 -0.567396 4.000000 5.000000 0.000000 1.000000 
751.000000 624.000000 -0.296875 5.000000 4.000000 0.000000 1.000000 
766.000000 668.000000 0.034065 0.000000 0.000000 1.000000 1.000000 
870.000000 695.000000 -0.054644 3.000000 6.000000 0.000000 1.000000 
