image_file_name:
IMG_020.jpg
rectangles:
475.000000 587.000000 -0.199579 4.000000 3.000000 0.000000 1.000000 
505.000000 774.000000 -0.167931 4.000000 6.000000 0.000000 1.000000 
673.000000 624.000000 -0.382556 4.000000 3.000000 0.000000 1.000000 
685.000000 500.000000 0.302131 2.000000 6.000000 0.000000 1.000000 
794.000000 446.000000 -0.410025 4.000000 3.000000 0.000000 1.000000 
843.000000 746.000000 0.468277 2.000000 4.000000 0.000000 1.000000 
852.000000 603.000000 -0.711985 4.000000 5.000000 0.000000 1.000000 
980.000000 487.000000 0.608210 2.000000 6.000000 0.000000 1.000000 
997.000000 352.000000 0.308596 4.000000 4.000000 0.000000 1.000000 
1025.000000 785.000000 0.105411 2.000000 5.000000 0.000000 1.000000 
1157.000000 688.000000 -0.124049 2.000000 1.000000 0.000000 1.000000 
1190.000000 418.000000 -0.260290 2.000000 2.000000 0.000000 1.000000 
