image_file_name:
IMG_028.jpg
rectangles:
349.000000 885.000000 0.342481 6.000000 4.000000 0.000000 0.000000 
365.000000 706.000000 2.454776 0.000000 0.000000 1.000000 1.000000 
465.000000 955.000000 0.391555 1.000000 6.000000 0.000000 0.000000 
486.000000 495.000000 -0.528317 5.000000 4.000000 0.000000 1.000000 
545.000000 1003.000000 0.252581 6.000000 2.000000 0.000000 0.000000 
635.000000 501.000000 -0.866646 0.000000 0.000000 14.000000 1.000000 
673.000000 625.000000 2.393714 0.000000 0.000000 7.000000 1.000000 
694.000000 1000.000000 0.454877 2.000000 5.000000 0.000000 0.000000 
718.000000 507.000000 -0.680248 3.000000 1.000000 0.000000 1.000000 
786.000000 1081.000000 -1.438181 0.000000 0.000000 9.000000 0.000000 
807.000000 518.000000 -0.261969 6.000000 5.000000 0.000000 1.000000 
837.000000 432.000000 -0.590876 4.000000 3.000000 0.000000 1.000000 
963.000000 1011.000000 -2.835167 0.000000 0.000000 19.000000 0.000000 
1008.000000 451.000000 0.520403 1.000000 1.000000 0.000000 1.000000 
1162.000000 447.000000 0.318896 1.000000 3.000000 0.000000 1.000000 
1194.000000 1063.000000 2.891716 0.000000 0.000000 5.000000 0.000000 
