image_file_name:
IMG_034.jpg
rectangles:
461.000000 786.000000 -2.970136 0.000000 0.000000 12.000000 0.000000 
502.000000 820.000000 0.731759 1.000000 5.000000 0.000000 0.000000 
480.000000 876.000000 -0.550235 0.000000 0.000000 23.000000 0.000000 
441.000000 839.000000 -0.269572 4.000000 6.000000 0.000000 0.000000 
496.000000 1105.000000 0.472739 5.000000 5.000000 0.000000 0.000000 
707.000000 743.000000 1.108336 0.000000 0.000000 7.000000 1.000000 
763.000000 732.000000 0.651166 6.000000 2.000000 0.000000 1.000000 
753.000000 791.000000 -0.612088 3.000000 6.000000 0.000000 1.000000 
694.000000 801.000000 0.084368 0.000000 0.000000 15.000000 1.000000 
746.000000 554.000000 0.488068 5.000000 5.000000 0.000000 1.000000 
790.000000 1115.000000 -0.368847 1.000000 3.000000 0.000000 0.000000 
906.000000 495.000000 -0.749166 1.000000 4.000000 0.000000 1.000000 
967.000000 708.000000 -1.935746 0.000000 0.000000 26.000000 1.000000 
1122.000000 889.000000 -0.350242 6.000000 5.000000 0.000000 0.000000 
1245.000000 592.000000 2.153069 0.000000 0.000000 1.000000 1.000000 
1281.000000 533.000000 -0.491227 4.000000 3.000000 0.000000 1.000000 
1336.000000 516.000000 2.228157 0.000000 0.000000 21.000000 1.000000 
