image_file_name:
IMG_041.jpg
rectangles:
539.000000 660.000000 -2.138684 0.000000 0.000000 25.000000 1.000000 
574.000000 595.000000 -1.784316 0.000000 0.000000 11.000000 1.000000 
653.000000 590.000000 -0.393917 6.000000 1.000000 0.000000 1.000000 
710.000000 688.000000 2.189078 0.000000 0.000000 20.000000 1.000000 
739.000000 470.000000 0.777936 1.000000 6.000000 0.000000 1.000000 
744.000000 566.000000 -2.128104 0.000000 0.000000 0.000000 1.000000 
805.000000 501.000000 2.270431 0.000000 0.000000 23.000000 1.000000 
820.000000 559.000000 0.640197 0.000000 0.000000 16.000000 1.000000 
872.000000 620.000000 -0.593982 1.000000 3.000000 0.000000 1.000000 
814.000000 615.000000 -1.203544 0.000000 0.000000 1.000000 1.000000 
826.000000 696.000000 -2.437443 0.000000 0.000000 18.000000 1.000000 
852.000000 758.000000 0.611632 0.000000 0.000000 20.000000 1.000000 
856.000000 469.000000 -2.640763 0.000000 0.000000 13.000000 1.000000 
954.000000 565.000000 0.746281 0.000000 0.000000 8.000000 1.000000 
953.000000 658.000000 0.242361 5.000000 5.000000 0.000000 1.000000 
