image_file_name:
IMG_030.jpg
rectangles:
470.000000 552.000000 -0.116110 2.000000 2.000000 0.000000 1.000000 
543.000000 747.000000 -3.056209 0.000000 0.000000 12.000000 1.000000 
674.000000 469.000000 0.242583 5.000000 5.000000 0.000000 1.000000 
693.000000 595.000000 3.078106 0.000000 0.000000 9.000000 1.000000 
769.000000 773.000000 0.458975 4.000000 4.000000 0.000000 1.000000 
814.000000 560.000000 -0.239150 1.000000 4.000000 0.000000 1.000000 
825.000000 413.000000 0.328244 1.000000 6.000000 0.000000 1.000000 
956.000000 506.000000 0.200247 2.000000 1.000000 0.000000 1.000000 
1003.000000 685.000000 -0.748774 4.000000 4.000000 0.000000 1.000000 
1037.000000 372.000000 -0.163491 4.000000 3.000000 0.000000 1.000000 
1159.000000 512.000000 -3.057882 0.000000 0.000000 4.000000 1.000000 
