image_file_name:
IMG_031.jpg
rectangles:
367.000000 1029.000000 2.954097 0.000000 0.000000 7.000000 0.000000 
420.000000 665.000000 -0.311685 1.000000 3.000000 0.000000 1.000000 
559.000000 850.000000 0.611913 3.000000 3.000000 0.000000 0.000000 
687.000000 1064.000000 0.161603 0.000000 0.000000 0.000000 0.000000 
752.000000 572.000000 0.574958 1.000000 4.000000 0.000000 1.000000 
782.000000 722.000000 -0.224392 6.000000 5.000000 0.000000 1.000000 
875.000000 895.000000 -0.209993 1.000000 2.000000 0.000000 0.000000 
913.000000 443.000000 0.172622 2.000000 2.000000 0.000000 1.000000 
944.000000 1114.000000 -2.350907 0.000000 0.000000 6.000000 0.000000 
951.000000 534.000000 0.778152 5.000000 5.000000 0.000000 1.000000 
978.000000 714.000000 -0.482088 4.000000 4.000000 0.000000 1.000000 
1116.000000 804.000000 -0.732809 6.000000 5.000000 0.000000 0.000000 
1085.000000 857.000000 -0.010637 5.000000 4.000000 0.000000 0.000000 
1197.000000 856.000000 -0.713645 2.000000 4.000000 0.000000 0.000000 
1199.000000 1098.000000 -0.034827 0.000000 0.000000 20.000000 0.000000 
