image_file_name:
IMG_046.jpg
rectangles:
739.000000 703.000000 0.011044 6.000000 6.000000 0.000000 1.000000 
746.000000 653.000000 0.274239 0.000000 0.000000 16.000000 1.000000 
890.000000 677.000000 0.147737 0.000000 0.000000 9.000000 1.000000 
878.000000 773.000000 0.122621 2.000000 5.000000 0.000000 1.000000 
735.000000 749.000000 0.075725 5.000000 6.000000 0.000000 1.000000 
796.000000 662.000000 -2.906087 0.000000 0.000000 1.000000 1.000000 
839.000000 669.000000 1.679244 0.000000 0.000000 13.000000 1.000000 
886.000000 725.000000 0.180709 1.000000 4.000000 0.000000 1.000000 
827.000000 767.000000 0.153458 6.000000 1.000000 0.000000 1.000000 
789.000000 707.000000 1.716776 0.000000 0.000000 22.000000 1.000000 
834.000000 716.000000 0.143089 6.000000 2.000000 0.000000 1.000000 
777.000000 759.000000 1.746979 0.000000 0.000000 7.000000 1.000000 
