image_file_name:
IMG_042.jpg
rectangles:
631.000000 507.000000 2.664697 0.000000 0.000000 25.000000 1.000000 
662.000000 462.000000 -0.684411 0.000000 0.000000 9.000000 1.000000 
723.000000 453.000000 2.967972 0.000000 0.000000 11.000000 1.000000 
601.000000 559.000000 2.302555 0.000000 0.000000 20.000000 1.000000 
634.000000 923.000000 0.185915 5.000000 6.000000 0.000000 0.000000 
683.000000 913.000000 0.255742 6.000000 1.000000 0.000000 0.000000 
674.000000 967.000000 0.256922 5.000000 5.000000 0.000000 0.000000 
768.000000 413.000000 2.379537 0.000000 0.000000 20.000000 1.000000 
828.000000 422.000000 -3.089986 0.000000 0.000000 8.000000 1.000000 
828.000000 691.000000 -0.400654 1.000000 2.000000 0.000000 1.000000 
847.000000 734.000000 -0.403567 2.000000 4.000000 0.000000 1.000000 
804.000000 751.000000 -0.396753 1.000000 5.000000 0.000000 1.000000 
785.000000 708.000000 -0.393840 1.000000 3.000000 0.000000 1.000000 
888.000000 444.000000 -0.424458 0.000000 0.000000 1.000000 1.000000 
943.000000 460.000000 -2.531664 0.000000 0.000000 13.000000 1.000000 
986.000000 495.000000 -2.842732 0.000000 0.000000 23.000000 1.000000 
1027.000000 533.000000 -2.642712 0.000000 0.000000 18.000000 1.000000 
1069.000000 571.000000 -3.098603 0.000000 0.000000 16.000000 1.000000 
986.000000 914.000000 0.701319 4.000000 3.000000 0.000000 0.000000 
1009.000000 966.000000 0.784785 4.000000 5.000000 0.000000 0.000000 
952.000000 953.000000 -0.720915 3.000000 6.000000 0.000000 0.000000 
