image_file_name:
IMG_029.jpg
rectangles:
365.000000 706.000000 2.454776 0.000000 0.000000 1.000000 1.000000 
473.000000 800.000000 0.418071 6.000000 4.000000 0.000000 0.000000 
571.000000 733.000000 0.590764 1.000000 6.000000 0.000000 1.000000 
650.000000 416.000000 0.171607 5.000000 4.000000 0.000000 1.000000 
700.000000 810.000000 -0.298106 6.000000 3.000000 0.000000 1.000000 
870.000000 535.000000 1.688302 0.000000 0.000000 14.000000 1.000000 
971.000000 790.000000 2.341913 0.000000 0.000000 7.000000 1.000000 
1234.000000 738.000000 0.515301 3.000000 5.000000 0.000000 1.000000 
