image_file_name:
IMG_025.jpg
rectangles:
310.000000 618.000000 -0.270028 5.000000 5.000000 0.000000 1.000000 
419.000000 370.000000 0.417144 5.000000 2.000000 0.000000 1.000000 
417.000000 654.000000 -0.260506 1.000000 1.000000 0.000000 1.000000 
491.000000 738.000000 0.117598 6.000000 6.000000 0.000000 1.000000 
518.000000 488.000000 -0.490673 1.000000 1.000000 0.000000 1.000000 
522.000000 675.000000 0.524745 1.000000 2.000000 0.000000 1.000000 
607.000000 380.000000 0.195000 5.000000 5.000000 0.000000 1.000000 
651.000000 571.000000 0.547755 3.000000 4.000000 0.000000 1.000000 
688.000000 665.000000 0.027416 2.000000 1.000000 0.000000 1.000000 
717.000000 865.000000 0.328337 4.000000 6.000000 0.000000 0.000000 
745.000000 366.000000 0.103748 4.000000 2.000000 0.000000 1.000000 
817.000000 678.000000 0.174065 6.000000 1.000000 0.000000 1.000000 
822.000000 457.000000 -0.325152 1.000000 6.000000 0.000000 1.000000 
880.000000 451.000000 -0.357365 1.000000 3.000000 0.000000 1.000000 
955.000000 600.000000 0.422514 1.000000 4.000000 0.000000 1.000000 
990.000000 403.000000 -0.643052 6.000000 3.000000 0.000000 1.000000 
1059.000000 699.000000 -0.596539 4.000000 3.000000 0.000000 1.000000 
1123.000000 443.000000 0.432423 5.000000 6.000000 0.000000 1.000000 
