image_file_name:
IMG_024.jpg
rectangles:
474.000000 793.000000 -0.190999 6.000000 1.000000 0.000000 0.000000 
324.000000 818.000000 -0.138912 4.000000 5.000000 0.000000 0.000000 
543.000000 360.000000 -0.160875 6.000000 5.000000 0.000000 1.000000 
402.000000 390.000000 -0.182917 6.000000 5.000000 0.000000 1.000000 
542.000000 521.000000 -0.340017 3.000000 5.000000 0.000000 1.000000 
405.000000 587.000000 -0.302461 3.000000 6.000000 0.000000 1.000000 
699.000000 729.000000 -0.286882 4.000000 2.000000 0.000000 1.000000 
709.000000 788.000000 0.088152 4.000000 5.000000 0.000000 1.000000 
707.000000 883.000000 0.101295 3.000000 2.000000 0.000000 0.000000 
949.000000 395.000000 0.119292 2.000000 2.000000 0.000000 1.000000 
925.000000 537.000000 0.119174 2.000000 6.000000 0.000000 1.000000 
1156.000000 626.000000 -0.635013 2.000000 4.000000 0.000000 1.000000 
1031.000000 701.000000 -0.579950 5.000000 1.000000 0.000000 1.000000 
1347.000000 817.000000 -0.508249 4.000000 4.000000 0.000000 0.000000 
1280.000000 683.000000 -0.475182 4.000000 3.000000 0.000000 1.000000 
1305.000000 392.000000 0.502012 3.000000 6.000000 0.000000 1.000000 
1441.000000 448.000000 0.407241 1.000000 1.000000 0.000000 1.000000 
424.000000 802.000000 -0.214229 2.000000 1.000000 0.000000 0.000000 
376.000000 812.000000 -0.207689 5.000000 6.000000 0.000000 0.000000 
494.000000 368.000000 -0.247947 4.000000 5.000000 0.000000 1.000000 
452.000000 382.000000 -0.187607 6.000000 6.000000 0.000000 1.000000 
495.000000 541.000000 -0.342049 1.000000 3.000000 0.000000 1.000000 
455.000000 573.000000 -0.351275 5.000000 1.000000 0.000000 1.000000 
704.000000 834.000000 0.127066 4.000000 5.000000 0.000000 1.000000 
940.000000 446.000000 0.157225 5.000000 6.000000 0.000000 1.000000 
933.000000 486.000000 0.074979 1.000000 3.000000 0.000000 1.000000 
1116.000000 654.000000 -0.633821 3.000000 1.000000 0.000000 1.000000 
1077.000000 682.000000 -0.526212 5.000000 4.000000 0.000000 1.000000 
1301.000000 728.000000 -0.474508 6.000000 4.000000 0.000000 0.000000 
1324.000000 774.000000 -0.509683 5.000000 4.000000 0.000000 0.000000 
1350.000000 412.000000 0.442763 3.000000 5.000000 0.000000 1.000000 
1391.000000 428.000000 0.356186 2.000000 5.000000 0.000000 1.000000 
