image_file_name:
IMG_027.jpg
rectangles:
465.000000 682.000000 -1.050155 0.000000 0.000000 21.000000 1.000000 
507.000000 703.000000 0.470297 0.000000 0.000000 5.000000 1.000000 
537.000000 548.000000 1.140067 0.000000 0.000000 11.000000 1.000000 
540.000000 1075.000000 1.781650 0.000000 0.000000 22.000000 0.000000 
635.000000 748.000000 -0.830366 0.000000 0.000000 8.000000 1.000000 
645.000000 516.000000 2.553380 0.000000 0.000000 12.000000 1.000000 
692.000000 713.000000 -2.780532 0.000000 0.000000 24.000000 1.000000 
744.000000 578.000000 1.200773 0.000000 0.000000 17.000000 1.000000 
700.000000 593.000000 -0.370536 0.000000 0.000000 2.000000 1.000000 
746.000000 679.000000 -0.740612 0.000000 0.000000 26.000000 1.000000 
780.000000 458.000000 -2.591984 0.000000 0.000000 10.000000 1.000000 
817.000000 577.000000 2.076918 0.000000 0.000000 25.000000 1.000000 
858.000000 1072.000000 -1.418734 0.000000 0.000000 19.000000 0.000000 
888.000000 408.000000 2.562229 0.000000 0.000000 15.000000 1.000000 
899.000000 712.000000 -0.482035 0.000000 0.000000 3.000000 1.000000 
942.000000 455.000000 0.954109 0.000000 0.000000 17.000000 1.000000 
1034.000000 501.000000 -0.538190 0.000000 0.000000 8.000000 1.000000 
1197.000000 1055.000000 -1.566712 0.000000 0.000000 22.000000 0.000000 
