image_file_name:
IMG_001.jpg
rectangles:
528.000000 599.000000 -3.047672 0.000000 0.000000 20.000000 1.000000 
577.000000 551.000000 1.633853 0.000000 0.000000 20.000000 1.000000 
629.000000 506.000000 -1.504716 0.000000 0.000000 21.000000 1.000000 
680.000000 460.000000 0.123961 2.000000 4.000000 0.000000 1.000000 
736.000000 416.000000 0.158950 0.000000 0.000000 8.000000 1.000000 
778.000000 468.000000 1.636993 0.000000 0.000000 1.000000 1.000000 
824.000000 519.000000 0.063860 0.000000 0.000000 16.000000 1.000000 
869.000000 572.000000 0.139473 1.000000 5.000000 0.000000 1.000000 
913.000000 627.000000 0.212202 5.000000 5.000000 0.000000 1.000000 
818.000000 617.000000 0.034081 4.000000 6.000000 0.000000 1.000000 
773.000000 567.000000 -1.477330 0.000000 0.000000 23.000000 1.000000 
676.000000 561.000000 0.041846 1.000000 2.000000 0.000000 1.000000 
625.000000 603.000000 0.066297 6.000000 1.000000 0.000000 1.000000 
626.000000 555.000000 0.105937 0.000000 0.000000 6.000000 1.000000 
678.000000 510.000000 0.052932 2.000000 6.000000 0.000000 1.000000 
728.000000 465.000000 -1.403499 0.000000 0.000000 18.000000 1.000000 
773.000000 518.000000 0.134435 4.000000 3.000000 0.000000 1.000000 
573.000000 601.000000 0.082574 3.000000 6.000000 0.000000 1.000000 
823.000000 567.000000 1.714068 0.000000 0.000000 11.000000 1.000000 
864.000000 621.000000 0.162859 0.000000 0.000000 13.000000 1.000000 
727.000000 514.000000 0.127437 1.000000 3.000000 0.000000 1.000000 
