image_file_name:
IMG_040.jpg
rectangles:
296.000000 893.000000 -2.444256 0.000000 0.000000 25.000000 0.000000 
363.000000 983.000000 -2.687668 0.000000 0.000000 20.000000 0.000000 
477.000000 1040.000000 -2.733274 0.000000 0.000000 20.000000 0.000000 
581.000000 1055.000000 -2.720258 0.000000 0.000000 9.000000 0.000000 
665.000000 600.000000 0.208848 6.000000 1.000000 0.000000 1.000000 
712.000000 1052.000000 0.450719 0.000000 0.000000 8.000000 0.000000 
816.000000 772.000000 -0.425009 4.000000 6.000000 0.000000 1.000000 
901.000000 540.000000 0.376747 1.000000 6.000000 0.000000 1.000000 
913.000000 1084.000000 2.947901 0.000000 0.000000 23.000000 0.000000 
926.000000 661.000000 0.028283 1.000000 3.000000 0.000000 1.000000 
1073.000000 583.000000 -0.409193 5.000000 5.000000 0.000000 1.000000 
1152.000000 1080.000000 2.611411 0.000000 0.000000 11.000000 0.000000 
1301.000000 1031.000000 2.425861 0.000000 0.000000 18.000000 0.000000 
1464.000000 908.000000 2.897892 0.000000 0.000000 1.000000 0.000000 
1536.000000 727.000000 2.641313 0.000000 0.000000 13.000000 0.000000 
