image_file_name:
IMG_038.jpg
rectangles:
750.000000 597.000000 -0.009676 5.000000 6.000000 0.000000 1.000000 
777.000000 552.000000 0.493631 6.000000 1.000000 0.000000 1.000000 
781.000000 494.000000 -0.901282 0.000000 0.000000 2.000000 1.000000 
878.000000 501.000000 -2.017423 0.000000 0.000000 13.000000 1.000000 
935.000000 521.000000 0.084022 1.000000 5.000000 0.000000 1.000000 
919.000000 575.000000 0.214614 0.000000 0.000000 4.000000 1.000000 
802.000000 662.000000 1.647956 0.000000 0.000000 18.000000 1.000000 
775.000000 710.000000 0.021283 1.000000 2.000000 0.000000 1.000000 
755.000000 652.000000 0.221637 1.000000 6.000000 0.000000 1.000000 
891.000000 639.000000 -2.700764 0.000000 0.000000 7.000000 1.000000 
865.000000 684.000000 2.334656 0.000000 0.000000 16.000000 1.000000 
831.000000 523.000000 -0.437455 3.000000 6.000000 0.000000 1.000000 
863.000000 565.000000 -0.777706 2.000000 1.000000 0.000000 1.000000 
830.000000 618.000000 0.247955 3.000000 1.000000 0.000000 1.000000 
