image_file_name:
IMG_021.jpg
rectangles:
699.000000 442.000000 1.532532 0.000000 0.000000 25.000000 1.000000 
603.000000 444.000000 3.095438 0.000000 0.000000 4.000000 1.000000 
701.000000 665.000000 3.082634 0.000000 0.000000 21.000000 1.000000 
606.000000 667.000000 -0.034038 0.000000 0.000000 10.000000 1.000000 
610.000000 556.000000 1.735362 0.000000 0.000000 14.000000 1.000000 
706.000000 563.000000 -1.471014 0.000000 0.000000 18.000000 1.000000 
652.000000 444.000000 1.549975 0.000000 0.000000 3.000000 1.000000 
659.000000 560.000000 -2.931820 0.000000 0.000000 7.000000 1.000000 
655.000000 664.000000 3.025202 0.000000 0.000000 16.000000 1.000000 
