image_file_name:
IMG_022.jpg
rectangles:
156.000000 500.000000 1.642625 0.000000 0.000000 7.000000 1.000000 
158.000000 644.000000 -3.104029 0.000000 0.000000 20.000000 0.000000 
153.000000 546.000000 1.458257 0.000000 0.000000 16.000000 0.000000 
894.000000 841.000000 -3.092118 0.000000 0.000000 21.000000 1.000000 
749.000000 832.000000 -3.137343 0.000000 0.000000 18.000000 1.000000 
1536.000000 556.000000 -2.980393 0.000000 0.000000 1.000000 0.000000 
1542.000000 606.000000 -2.988128 0.000000 0.000000 4.000000 0.000000 
1532.000000 704.000000 -3.125880 0.000000 0.000000 23.000000 0.000000 
163.000000 596.000000 -1.476746 0.000000 0.000000 26.000000 0.000000 
844.000000 836.000000 -3.052521 0.000000 0.000000 12.000000 1.000000 
798.000000 835.000000 -3.059018 0.000000 0.000000 6.000000 1.000000 
1536.000000 656.000000 0.167944 0.000000 0.000000 19.000000 0.000000 
