image_file_name:
IMG_019.jpg
rectangles:
481.000000 759.000000 0.582162 4.000000 3.000000 0.000000 1.000000 
526.000000 673.000000 -0.135236 4.000000 6.000000 0.000000 1.000000 
578.000000 457.000000 0.351641 4.000000 4.000000 0.000000 1.000000 
703.000000 722.000000 2.222454 0.000000 0.000000 5.000000 1.000000 
718.000000 598.000000 -0.511338 4.000000 5.000000 0.000000 1.000000 
828.000000 488.000000 0.355966 4.000000 5.000000 0.000000 1.000000 
937.000000 472.000000 -0.248432 3.000000 6.000000 0.000000 1.000000 
958.000000 592.000000 0.433996 3.000000 1.000000 0.000000 1.000000 
1012.000000 771.000000 -0.573751 3.000000 2.000000 0.000000 1.000000 
1070.000000 394.000000 -0.331066 3.000000 5.000000 0.000000 1.000000 
1113.000000 754.000000 0.485683 3.000000 4.000000 0.000000 1.000000 
1119.000000 550.000000 -0.147086 3.000000 3.000000 0.000000 1.000000 
