image_file_name:
IMG_032.jpg
rectangles:
261.000000 699.000000 -0.058869 1.000000 2.000000 0.000000 0.000000 
261.000000 797.000000 -3.102985 0.000000 0.000000 12.000000 0.000000 
164.000000 798.000000 -0.024496 1.000000 2.000000 0.000000 0.000000 
162.000000 705.000000 3.097347 0.000000 0.000000 7.000000 0.000000 
211.000000 701.000000 -0.072176 4.000000 3.000000 0.000000 0.000000 
263.000000 749.000000 -0.087982 5.000000 6.000000 0.000000 0.000000 
214.000000 800.000000 0.015344 6.000000 5.000000 0.000000 0.000000 
163.000000 753.000000 -0.039392 5.000000 6.000000 0.000000 0.000000 
214.000000 752.000000 2.993605 0.000000 0.000000 1.000000 0.000000 
