image_file_name:
IMG_037.jpg
rectangles:
388.000000 688.000000 2.874787 0.000000 0.000000 26.000000 1.000000 
409.000000 577.000000 -2.792472 0.000000 0.000000 19.000000 1.000000 
473.000000 844.000000 -0.083118 1.000000 1.000000 0.000000 0.000000 
488.000000 706.000000 0.486359 2.000000 4.000000 0.000000 1.000000 
494.000000 769.000000 -0.330049 0.000000 0.000000 5.000000 1.000000 
544.000000 831.000000 0.513820 4.000000 3.000000 0.000000 0.000000 
552.000000 503.000000 -0.770894 0.000000 0.000000 2.000000 1.000000 
608.000000 407.000000 -0.166873 5.000000 4.000000 0.000000 1.000000 
615.000000 737.000000 -0.425158 5.000000 2.000000 0.000000 1.000000 
619.000000 633.000000 -0.558812 1.000000 2.000000 0.000000 1.000000 
747.000000 659.000000 -0.588701 3.000000 2.000000 0.000000 1.000000 
796.000000 812.000000 -1.992142 0.000000 0.000000 15.000000 1.000000 
806.000000 603.000000 0.492678 0.000000 0.000000 19.000000 1.000000 
893.000000 318.000000 0.060225 0.000000 0.000000 13.000000 1.000000 
901.000000 610.000000 0.092587 4.000000 6.000000 0.000000 1.000000 
915.000000 828.000000 0.821825 0.000000 0.000000 22.000000 1.000000 
956.000000 457.000000 2.687311 0.000000 0.000000 11.000000 1.000000 
962.000000 714.000000 -0.510151 3.000000 6.000000 0.000000 1.000000 
1055.000000 465.000000 1.108135 0.000000 0.000000 6.000000 1.000000 
