image_file_name:
IMG_044.jpg
rectangles:
792.000000 573.000000 -0.042451 0.000000 0.000000 1.000000 1.000000 
826.000000 620.000000 0.048950 0.000000 0.000000 16.000000 1.000000 
853.000000 667.000000 0.073539 1.000000 5.000000 0.000000 1.000000 
879.000000 716.000000 -1.533289 0.000000 0.000000 11.000000 1.000000 
777.000000 623.000000 -0.008766 1.000000 3.000000 0.000000 1.000000 
805.000000 667.000000 1.706014 0.000000 0.000000 11.000000 1.000000 
833.000000 716.000000 0.091141 0.000000 0.000000 13.000000 1.000000 
754.000000 667.000000 0.140235 4.000000 3.000000 0.000000 1.000000 
782.000000 716.000000 0.220365 4.000000 6.000000 0.000000 1.000000 
730.000000 716.000000 -1.510050 0.000000 0.000000 23.000000 1.000000 
