image_file_name:
IMG_035.jpg
rectangles:
238.000000 400.000000 0.045536 0.000000 0.000000 24.000000 1.000000 
338.000000 502.000000 0.054906 1.000000 6.000000 0.000000 1.000000 
1188.000000 517.000000 -3.065197 0.000000 0.000000 14.000000 1.000000 
1290.000000 522.000000 1.634685 0.000000 0.000000 6.000000 1.000000 
1282.000000 619.000000 0.064845 2.000000 4.000000 0.000000 1.000000 
236.000000 449.000000 -1.496626 0.000000 0.000000 21.000000 1.000000 
289.000000 400.000000 0.089230 3.000000 2.000000 0.000000 1.000000 
339.000000 405.000000 0.061712 6.000000 5.000000 0.000000 1.000000 
338.000000 451.000000 0.000000 0.000000 0.000000 18.000000 1.000000 
288.000000 498.000000 1.659155 0.000000 0.000000 3.000000 1.000000 
237.000000 497.000000 -0.035589 2.000000 3.000000 0.000000 1.000000 
1182.000000 568.000000 0.060460 3.000000 4.000000 0.000000 1.000000 
1238.000000 516.000000 0.087200 4.000000 5.000000 0.000000 1.000000 
1285.000000 570.000000 0.041571 3.000000 6.000000 0.000000 1.000000 
1231.000000 616.000000 -3.050553 0.000000 0.000000 16.000000 1.000000 
287.000000 451.000000 -3.001641 0.000000 0.000000 2.000000 1.000000 
1180.000000 615.000000 0.095592 5.000000 1.000000 0.000000 1.000000 
1236.000000 566.000000 -3.030359 0.000000 0.000000 13.000000 1.000000 
