image_file_name:
IMG_017.jpg
rectangles:
479.000000 637.000000 0.647602 1.000000 1.000000 0.000000 1.000000 
532.000000 509.000000 0.713201 1.000000 6.000000 0.000000 1.000000 
673.000000 723.000000 0.482260 1.000000 5.000000 0.000000 1.000000 
699.000000 410.000000 0.234824 1.000000 3.000000 0.000000 1.000000 
705.000000 567.000000 0.083078 1.000000 2.000000 0.000000 1.000000 
789.000000 664.000000 -0.267756 1.000000 4.000000 0.000000 1.000000 
997.000000 686.000000 0.349330 2.000000 4.000000 0.000000 1.000000 
1126.000000 392.000000 0.440936 2.000000 2.000000 0.000000 1.000000 
1140.000000 560.000000 -0.215550 2.000000 1.000000 0.000000 1.000000 
1203.000000 686.000000 -0.395606 2.000000 6.000000 0.000000 1.000000 
1288.000000 392.000000 -0.689976 2.000000 5.000000 0.000000 1.000000 
1323.000000 686.000000 -0.075483 1.000000 5.000000 0.000000 0.000000 
