image_file_name:
IMG_026.jpg
rectangles:
143.000000 905.000000 0.511646 0.000000 0.000000 24.000000 0.000000 
193.000000 739.000000 -1.718784 0.000000 0.000000 26.000000 0.000000 
387.000000 937.000000 1.827075 0.000000 0.000000 8.000000 0.000000 
622.000000 744.000000 -2.698615 0.000000 0.000000 21.000000 1.000000 
666.000000 704.000000 -1.345821 0.000000 0.000000 5.000000 1.000000 
691.000000 656.000000 2.177283 0.000000 0.000000 25.000000 1.000000 
683.000000 594.000000 2.565108 0.000000 0.000000 20.000000 1.000000 
663.000000 540.000000 0.032362 0.000000 0.000000 23.000000 1.000000 
761.000000 583.000000 0.704159 0.000000 0.000000 19.000000 1.000000 
810.000000 677.000000 -0.238090 0.000000 0.000000 12.000000 1.000000 
722.000000 721.000000 -0.210450 0.000000 0.000000 7.000000 1.000000 
695.000000 1012.000000 -2.645711 0.000000 0.000000 19.000000 0.000000 
735.000000 1052.000000 -0.003456 0.000000 0.000000 14.000000 0.000000 
784.000000 1073.000000 -1.652010 0.000000 0.000000 17.000000 0.000000 
767.000000 766.000000 0.974481 0.000000 0.000000 22.000000 1.000000 
855.000000 764.000000 -0.836999 0.000000 0.000000 9.000000 1.000000 
1049.000000 1150.000000 -1.199053 0.000000 0.000000 22.000000 0.000000 
1099.000000 1143.000000 -1.138752 0.000000 0.000000 3.000000 0.000000 
1150.000000 1165.000000 1.922850 0.000000 0.000000 17.000000 0.000000 
1081.000000 472.000000 -2.655233 0.000000 0.000000 2.000000 1.000000 
1236.000000 540.000000 2.557571 0.000000 0.000000 3.000000 1.000000 
730.000000 623.000000 2.360205 0.000000 0.000000 8.000000 1.000000 
761.000000 678.000000 -1.891690 0.000000 0.000000 13.000000 1.000000 
