image_file_name:
IMG_018.jpg
rectangles:
410.000000 678.000000 -0.742502 6.000000 5.000000 0.000000 1.000000 
460.000000 476.000000 0.670304 6.000000 2.000000 0.000000 1.000000 
572.000000 596.000000 -0.556453 6.000000 4.000000 0.000000 1.000000 
599.000000 796.000000 0.472656 6.000000 3.000000 0.000000 1.000000 
692.000000 389.000000 0.748971 6.000000 5.000000 0.000000 1.000000 
772.000000 542.000000 0.708917 6.000000 1.000000 0.000000 1.000000 
932.000000 670.000000 -0.154851 5.000000 3.000000 0.000000 1.000000 
1065.000000 619.000000 -0.649990 5.000000 5.000000 0.000000 1.000000 
1068.000000 439.000000 -0.449500 5.000000 4.000000 0.000000 1.000000 
1106.000000 791.000000 -0.573751 5.000000 1.000000 0.000000 1.000000 
1165.000000 605.000000 -0.177263 5.000000 6.000000 0.000000 1.000000 
1175.000000 412.000000 -0.274490 5.000000 2.000000 0.000000 1.000000 
