image_file_name:
IMG_006.jpg
rectangles:
555.000000 698.000000 0.076891 0.000000 0.000000 5.000000 1.000000 
565.000000 399.000000 0.205860 0.000000 0.000000 10.000000 1.000000 
594.000000 568.000000 0.501197 0.000000 0.000000 26.000000 1.000000 
682.000000 395.000000 2.052497 0.000000 0.000000 21.000000 1.000000 
701.000000 561.000000 -1.197892 0.000000 0.000000 6.000000 1.000000 
733.000000 711.000000 1.791549 0.000000 0.000000 8.000000 1.000000 
799.000000 417.000000 2.237328 0.000000 0.000000 16.000000 1.000000 
836.000000 563.000000 1.325387 0.000000 0.000000 7.000000 1.000000 
873.000000 702.000000 -1.229181 0.000000 0.000000 23.000000 1.000000 
986.000000 479.000000 1.412714 0.000000 0.000000 3.000000 1.000000 
