image_file_name:
IMG_007.jpg
rectangles:
560.000000 435.000000 1.419506 0.000000 0.000000 8.000000 1.000000 
596.000000 621.000000 2.659558 0.000000 0.000000 12.000000 1.000000 
780.000000 355.000000 2.104046 0.000000 0.000000 4.000000 1.000000 
775.000000 516.000000 -2.956799 0.000000 0.000000 18.000000 1.000000 
804.000000 694.000000 -0.205940 0.000000 0.000000 12.000000 1.000000 
959.000000 457.000000 0.551030 0.000000 0.000000 7.000000 1.000000 
972.000000 595.000000 0.209993 0.000000 0.000000 19.000000 1.000000 
