image_file_name:
IMG_022.jpg
rectangles:
155.000000 498.000000 64.448028 0.000000 0.000000 7.000000 1.000000 
156.000000 646.000000 59.711204 0.000000 0.000000 20.000000 0.000000 
1535.000000 705.000000 59.693751 0.000000 0.000000 23.000000 0.000000 
1540.000000 554.000000 66.029296 0.000000 0.000000 1.000000 0.000000 
1536.000000 657.000000 62.839444 0.000000 0.000000 19.000000 0.000000 
1540.000000 607.000000 65.990899 0.000000 0.000000 4.000000 0.000000 
895.000000 840.000000 -3.124139 0.000000 0.000000 21.000000 1.000000 
847.000000 834.000000 -3.124139 0.000000 0.000000 12.000000 1.000000 
797.000000 834.000000 3.176499 0.000000 0.000000 6.000000 1.000000 
747.000000 829.000000 -3.159046 0.000000 0.000000 18.000000 1.000000 
159.000000 598.000000 61.278510 0.000000 0.000000 26.000000 0.000000 
155.000000 549.000000 1.570796 0.000000 0.000000 16.000000 1.000000 
