image_file_name:
IMG_031.jpg
rectangles:
366.000000 1027.000000 65.903632 0.000000 0.000000 7.000000 0.000000 
419.000000 663.000000 1.308997 1.000000 3.000000 0.000000 1.000000 
689.000000 1065.000000 62.919119 0.000000 0.000000 9.000000 0.000000 
751.000000 572.000000 0.593412 1.000000 4.000000 0.000000 1.000000 
781.000000 722.000000 1.378810 6.000000 5.000000 0.000000 1.000000 
873.000000 893.000000 1.431170 1.000000 2.000000 0.000000 0.000000 
913.000000 443.000000 0.104720 2.000000 2.000000 0.000000 1.000000 
944.000000 1116.000000 3.892084 0.000000 0.000000 6.000000 0.000000 
950.000000 534.000000 0.785398 5.000000 5.000000 0.000000 1.000000 
978.000000 714.000000 1.117011 4.000000 4.000000 0.000000 1.000000 
1197.000000 857.000000 0.855211 2.000000 4.000000 0.000000 0.000000 
1199.000000 1098.000000 62.849306 0.000000 0.000000 20.000000 0.000000 
560.000000 850.000000 0.627629 3.000000 3.000000 0.000000 0.000000 
1084.000000 856.000000 0.000000 5.000000 4.000000 0.000000 0.000000 
1116.000000 801.000000 0.800487 6.000000 6.000000 0.000000 0.000000 
