image_file_name:
IMG_020.jpg
rectangles:
474.132699 586.144688 1.448623 4.000000 3.000000 0.000000 1.000000 
504.359949 772.974651 1.483530 4.000000 5.000000 0.000000 1.000000 
671.581655 623.008501 1.221730 4.000000 6.000000 0.000000 1.000000 
684.177074 500.988452 0.279253 2.000000 6.000000 0.000000 1.000000 
793.233677 445.297680 1.169371 4.000000 2.000000 0.000000 1.000000 
850.938057 602.721256 0.855211 4.000000 1.000000 0.000000 1.000000 
979.061954 487.157588 0.628319 2.000000 6.000000 0.000000 1.000000 
996.684102 352.015239 0.261799 4.000000 4.000000 0.000000 1.000000 
1026.404355 784.172929 0.052360 2.000000 5.000000 0.000000 1.000000 
1156.413506 686.565652 1.553343 2.000000 1.000000 0.000000 1.000000 
1191.732063 415.402108 1.378810 2.000000 2.000000 0.000000 1.000000 
842.504744 745.284630 0.445699 2.000000 4.000000 0.000000 1.000000 
