image_file_name:
IMG_017.jpg
rectangles:
478.000000 637.000000 0.663225 1.000000 1.000000 0.000000 1.000000 
530.000000 510.000000 0.733038 1.000000 6.000000 0.000000 1.000000 
671.000000 723.000000 0.453786 1.000000 5.000000 0.000000 1.000000 
699.000000 409.000000 0.226893 1.000000 3.000000 0.000000 1.000000 
705.000000 567.000000 0.017453 1.000000 2.000000 0.000000 1.000000 
788.000000 663.000000 1.361357 1.000000 4.000000 0.000000 1.000000 
996.000000 686.000000 0.314159 2.000000 4.000000 0.000000 1.000000 
1125.000000 392.000000 0.418879 2.000000 2.000000 0.000000 1.000000 
1139.000000 558.000000 1.431170 2.000000 1.000000 0.000000 1.000000 
1203.000000 684.000000 1.221730 2.000000 6.000000 0.000000 1.000000 
1288.000000 390.000000 0.890118 2.000000 6.000000 0.000000 1.000000 
1323.000000 685.000000 0.000000 2.000000 5.000000 0.000000 0.000000 
