image_file_name:
IMG_026.jpg
rectangles:
141.000000 904.000000 0.488692 0.000000 0.000000 24.000000 0.000000 
193.000000 737.000000 67.474429 0.000000 0.000000 26.000000 0.000000 
387.000000 937.000000 -1.308997 0.000000 0.000000 8.000000 0.000000 
766.000000 765.000000 1.012291 0.000000 0.000000 22.000000 1.000000 
853.000000 763.000000 -0.820305 0.000000 0.000000 9.000000 1.000000 
1081.000000 472.000000 3.682645 0.000000 0.000000 2.000000 1.000000 
1237.000000 539.000000 2.548181 0.000000 0.000000 3.000000 1.000000 
620.000000 744.000000 -2.675590 0.000000 0.000000 21.000000 1.000000 
811.000000 676.000000 -0.186750 0.000000 0.000000 12.000000 1.000000 
759.000000 582.000000 0.755728 0.000000 0.000000 19.000000 1.000000 
760.000000 679.000000 -1.825614 0.000000 0.000000 13.000000 1.000000 
732.000000 623.000000 2.312561 0.000000 0.000000 8.000000 1.000000 
720.000000 723.000000 -0.218166 0.000000 0.000000 7.000000 1.000000 
691.000000 656.000000 2.188643 0.000000 0.000000 25.000000 1.000000 
1046.000000 1149.000000 61.618849 0.000000 0.000000 22.000000 0.000000 
1147.000000 1164.000000 -4.401720 0.000000 0.000000 17.000000 0.000000 
693.000000 1011.000000 0.468078 0.000000 0.000000 19.000000 0.000000 
735.000000 1052.000000 0.055312 0.000000 0.000000 14.000000 0.000000 
785.000000 1073.000000 -1.629439 0.000000 0.000000 17.000000 0.000000 
1101.000000 1148.000000 61.639685 0.000000 0.000000 3.000000 0.000000 
666.000000 705.000000 -1.374391 0.000000 0.000000 5.000000 1.000000 
684.000000 594.000000 2.582134 0.000000 0.000000 20.000000 1.000000 
661.000000 539.000000 -0.033357 0.000000 0.000000 23.000000 1.000000 
