image_file_name:
IMG_040.jpg
rectangles:
293.000000 895.000000 66.671577 0.000000 0.000000 25.000000 0.000000 
363.000000 984.000000 60.144046 0.000000 0.000000 20.000000 0.000000 
473.000000 1041.000000 60.091686 0.000000 0.000000 20.000000 0.000000 
581.000000 1057.000000 63.250732 0.000000 0.000000 9.000000 0.000000 
665.000000 602.000000 0.191986 6.000000 1.000000 0.000000 1.000000 
711.000000 1051.000000 0.436332 0.000000 0.000000 8.000000 0.000000 
815.000000 772.000000 1.186824 4.000000 6.000000 0.000000 1.000000 
899.000000 540.000000 0.331613 1.000000 6.000000 0.000000 1.000000 
911.000000 1086.000000 3.001966 0.000000 0.000000 23.000000 0.000000 
924.000000 660.000000 0.000000 1.000000 3.000000 0.000000 1.000000 
1073.000000 582.000000 1.186824 5.000000 5.000000 0.000000 1.000000 
1151.000000 1081.000000 2.635447 0.000000 0.000000 11.000000 0.000000 
1301.000000 1031.000000 2.426008 0.000000 0.000000 18.000000 0.000000 
1464.000000 904.000000 65.729100 0.000000 0.000000 1.000000 0.000000 
1538.000000 725.000000 65.519660 0.000000 0.000000 13.000000 0.000000 
