image_file_name:
IMG_006.jpg
rectangles:
555.747351 697.061043 -0.069813 0.000000 0.000000 5.000000 1.000000 
564.436029 400.210526 0.191986 0.000000 0.000000 10.000000 1.000000 
593.076115 567.535871 -1.064651 0.000000 0.000000 14.000000 1.000000 
681.466067 394.711365 2.042035 0.000000 0.000000 21.000000 1.000000 
699.800636 561.187557 -1.239184 0.000000 0.000000 6.000000 1.000000 
732.278131 712.402450 -1.343904 0.000000 0.000000 8.000000 1.000000 
797.856540 416.591561 2.181662 0.000000 0.000000 16.000000 1.000000 
833.921650 561.490960 1.291544 0.000000 0.000000 7.000000 1.000000 
872.713800 702.266242 -1.308997 0.000000 0.000000 23.000000 1.000000 
984.968696 477.766957 1.448623 0.000000 0.000000 3.000000 1.000000 
