image_file_name:
IMG_023.jpg
rectangles:
850.000000 589.000000 0.000000 0.000000 0.000000 21.000000 1.000000 
802.000000 594.000000 4.714134 0.000000 0.000000 18.000000 1.000000 
1092.000000 840.000000 2.342232 0.000000 0.000000 21.000000 0.000000 
1125.000000 800.000000 3.796091 0.000000 0.000000 25.000000 0.000000 
1148.000000 753.000000 0.657989 0.000000 0.000000 7.000000 1.000000 
1172.000000 384.000000 3.620580 0.000000 0.000000 26.000000 1.000000 
490.000000 498.000000 0.785398 0.000000 0.000000 26.000000 1.000000 
430.000000 448.000000 2.373648 0.000000 0.000000 6.000000 1.000000 
467.000000 416.000000 2.319017 0.000000 0.000000 1.000000 1.000000 
499.000000 374.000000 -2.437099 0.000000 0.000000 23.000000 1.000000 
558.000000 427.000000 0.706378 0.000000 0.000000 8.000000 1.000000 
525.000000 464.000000 2.283411 0.000000 0.000000 3.000000 1.000000 
473.000000 692.000000 0.886353 0.000000 0.000000 4.000000 1.000000 
505.000000 730.000000 5.667565 0.000000 0.000000 19.000000 1.000000 
547.000000 764.000000 4.082309 0.000000 0.000000 12.000000 1.000000 
404.000000 755.000000 5.538377 0.000000 0.000000 13.000000 1.000000 
439.000000 791.000000 0.806245 0.000000 0.000000 3.000000 0.000000 
475.000000 823.000000 2.346913 0.000000 0.000000 11.000000 0.000000 
753.000000 586.000000 3.151516 0.000000 0.000000 2.000000 1.000000 
751.000000 475.000000 6.268977 0.000000 0.000000 20.000000 1.000000 
800.000000 473.000000 3.141593 0.000000 0.000000 23.000000 1.000000 
848.000000 482.000000 6.264238 0.000000 0.000000 24.000000 1.000000 
1036.000000 696.000000 2.220667 0.000000 0.000000 15.000000 1.000000 
1021.000000 744.000000 3.787842 0.000000 0.000000 16.000000 1.000000 
988.000000 783.000000 -0.879016 0.000000 0.000000 17.000000 1.000000 
1051.000000 430.000000 0.411288 0.000000 0.000000 7.000000 1.000000 
1096.000000 453.000000 0.391564 0.000000 0.000000 5.000000 1.000000 
1143.000000 464.000000 3.533156 0.000000 0.000000 13.000000 1.000000 
1125.000000 370.000000 0.471778 0.000000 0.000000 25.000000 1.000000 
1083.000000 347.000000 3.629652 0.000000 0.000000 18.000000 1.000000 
