image_file_name:
IMG_039.jpg
rectangles:
509.891700 593.037727 -0.052360 0.000000 0.000000 19.000000 1.000000 
514.217034 424.454821 0.034907 4.000000 5.000000 0.000000 1.000000 
574.243089 590.431707 -3.141593 0.000000 0.000000 3.000000 1.000000 
631.546351 425.910848 0.000000 6.000000 6.000000 0.000000 1.000000 
738.317721 590.439500 0.017453 0.000000 0.000000 15.000000 1.000000 
737.504366 425.043243 0.034907 2.000000 2.000000 0.000000 1.000000 
856.210415 424.936071 -0.000000 3.000000 3.000000 0.000000 1.000000 
963.520154 427.928599 0.000000 1.000000 4.000000 0.000000 1.000000 
1017.559795 592.000787 3.141593 0.000000 0.000000 3.000000 1.000000 
1081.503993 591.553239 3.159046 0.000000 0.000000 5.000000 1.000000 
1084.555940 426.053132 0.000000 5.000000 3.000000 0.000000 1.000000 
1154.902479 593.989435 3.141593 0.000000 0.000000 13.000000 1.000000 
961.752547 593.918845 0.010472 0.000000 0.000000 8.000000 1.000000 
631.406162 588.713378 0.000000 0.000000 0.000000 9.000000 1.000000 
685.115057 585.218769 -1.552087 0.000000 0.000000 26.000000 1.000000 
795.530997 591.487871 3.139553 0.000000 0.000000 18.000000 1.000000 
849.244593 590.667228 3.143654 0.000000 0.000000 20.000000 1.000000 
906.624719 591.386736 3.174806 0.000000 0.000000 1.000000 1.000000 
