image_file_name:
IMG_044.jpg
rectangles:
879.615589 717.538544 -0.008727 5.000000 5.000000 0.000000 1.000000 
852.981922 670.029043 -0.020944 1.000000 5.000000 0.000000 1.000000 
831.225863 720.842661 -0.034907 0.000000 0.000000 13.000000 1.000000 
826.600697 621.432883 -0.001745 0.000000 0.000000 16.000000 1.000000 
803.029043 671.981922 1.574287 0.000000 0.000000 11.000000 1.000000 
792.857511 571.258275 -0.015708 0.000000 0.000000 1.000000 1.000000 
778.842513 721.024793 0.006513 4.000000 6.000000 0.000000 1.000000 
730.668460 718.391074 -1.558597 0.000000 0.000000 23.000000 1.000000 
754.000609 669.904170 0.008968 4.000000 3.000000 0.000000 1.000000 
777.542037 621.140882 -0.002105 1.000000 3.000000 0.000000 1.000000 
