image_file_name:
IMG_034.jpg
rectangles:
495.000000 1105.000000 0.471239 5.000000 5.000000 0.000000 0.000000 
745.000000 555.000000 0.453786 5.000000 5.000000 0.000000 1.000000 
788.000000 1116.000000 1.239184 1.000000 3.000000 0.000000 0.000000 
904.000000 494.000000 0.785398 1.000000 4.000000 0.000000 1.000000 
965.000000 707.000000 1.221730 0.000000 0.000000 26.000000 1.000000 
1121.000000 888.000000 1.239184 6.000000 6.000000 0.000000 0.000000 
1244.000000 592.000000 2.181662 0.000000 0.000000 1.000000 1.000000 
441.000000 839.000000 1.300270 4.000000 6.000000 0.000000 0.000000 
503.000000 825.000000 0.691150 1.000000 6.000000 0.000000 0.000000 
480.000000 878.000000 5.719444 0.000000 0.000000 23.000000 0.000000 
694.000000 801.000000 0.020944 0.000000 0.000000 15.000000 1.000000 
762.000000 732.000000 0.598648 6.000000 2.000000 0.000000 1.000000 
751.000000 792.000000 0.848230 3.000000 6.000000 0.000000 1.000000 
1280.000000 531.000000 1.213004 4.000000 3.000000 0.000000 1.000000 
1336.000000 513.000000 2.158972 0.000000 0.000000 21.000000 1.000000 
462.000000 784.000000 3.167270 0.000000 0.000000 12.000000 1.000000 
706.000000 744.000000 1.095082 0.000000 0.000000 7.000000 1.000000 
