image_file_name:
IMG_033.jpg
rectangles:
346.000000 1007.000000 65.622634 0.000000 0.000000 7.000000 0.000000 
365.000000 1058.000000 1.319469 5.000000 5.000000 0.000000 0.000000 
380.000000 1106.000000 1.211259 1.000000 4.000000 0.000000 0.000000 
393.000000 990.000000 1.230457 4.000000 3.000000 0.000000 0.000000 
472.000000 1071.000000 65.587728 0.000000 0.000000 12.000000 0.000000 
459.000000 1023.000000 -0.361283 5.000000 5.000000 0.000000 0.000000 
439.000000 979.000000 -0.361283 1.000000 3.000000 0.000000 0.000000 
428.000000 1090.000000 1.233948 6.000000 2.000000 0.000000 0.000000 
413.000000 1042.000000 2.865831 0.000000 0.000000 1.000000 0.000000 
