image_file_name:
IMG_043.jpg
rectangles:
528.094340 599.113208 3.160540 0.000000 0.000000 20.000000 1.000000 
576.323213 601.655970 0.024995 3.000000 6.000000 0.000000 1.000000 
626.053335 604.063608 0.024716 6.000000 1.000000 0.000000 1.000000 
675.986729 560.940677 6.319504 1.000000 2.000000 0.000000 1.000000 
626.810085 555.008474 0.043813 0.000000 0.000000 6.000000 1.000000 
576.921374 551.932827 1.621905 0.000000 0.000000 20.000000 1.000000 
628.284671 505.388044 1.623825 0.000000 0.000000 9.000000 1.000000 
677.504390 511.782869 0.036348 2.000000 6.000000 0.000000 1.000000 
681.228599 461.358684 0.063569 2.000000 4.000000 0.000000 1.000000 
735.452408 415.559866 0.057035 0.000000 0.000000 8.000000 1.000000 
730.363815 465.075939 -1.503103 0.000000 0.000000 18.000000 1.000000 
778.937218 468.988815 1.634777 0.000000 0.000000 1.000000 1.000000 
727.360756 514.309961 0.067166 1.000000 3.000000 0.000000 1.000000 
775.087736 518.440501 0.037576 4.000000 3.000000 0.000000 1.000000 
824.942432 520.077623 0.068217 0.000000 0.000000 16.000000 1.000000 
820.265590 569.866505 1.632407 0.000000 0.000000 11.000000 1.000000 
815.153059 618.577271 0.077470 4.000000 6.000000 0.000000 1.000000 
771.210944 567.474174 -1.512529 0.000000 0.000000 23.000000 1.000000 
868.584906 570.698113 6.349201 1.000000 5.000000 0.000000 1.000000 
864.388001 619.421447 0.071462 0.000000 0.000000 13.000000 1.000000 
912.013241 629.244244 6.381097 5.000000 5.000000 0.000000 1.000000 
