image_file_name:
IMG_045.jpg
rectangles:
482.000000 713.000000 0.719076 2.000000 4.000000 0.000000 1.000000 
482.000000 653.000000 0.178024 5.000000 6.000000 0.000000 1.000000 
654.000000 702.000000 -2.165954 0.000000 0.000000 20.000000 1.000000 
632.000000 650.000000 0.766200 3.000000 6.000000 0.000000 1.000000 
626.000000 752.000000 0.467748 4.000000 6.000000 0.000000 1.000000 
953.000000 501.000000 3.141593 0.000000 0.000000 11.000000 1.000000 
961.000000 559.000000 0.586431 4.000000 3.000000 0.000000 1.000000 
984.000000 452.000000 0.333358 1.000000 3.000000 0.000000 1.000000 
1131.000000 508.000000 0.884882 0.000000 0.000000 18.000000 1.000000 
1111.000000 563.000000 0.242601 5.000000 5.000000 0.000000 1.000000 
527.000000 618.000000 -0.715413 2.000000 5.000000 0.000000 1.000000 
586.000000 614.000000 1.455802 0.000000 0.000000 25.000000 1.000000 
518.000000 759.000000 0.195380 3.000000 5.000000 0.000000 1.000000 
573.000000 775.000000 2.509509 0.000000 0.000000 20.000000 1.000000 
1004.000000 603.000000 -0.102160 0.000000 0.000000 13.000000 1.000000 
1059.000000 591.000000 -0.469232 1.000000 5.000000 0.000000 1.000000 
1042.000000 436.000000 -0.102072 0.000000 0.000000 16.000000 1.000000 
1094.000000 464.000000 6.634384 0.000000 0.000000 1.000000 1.000000 
