image_file_name:
IMG_038.jpg
rectangles:
749.500000 597.500000 -0.017453 5.000000 6.000000 0.000000 1.000000 
754.408658 652.834258 0.136136 1.000000 6.000000 0.000000 1.000000 
776.629905 548.601033 0.324499 6.000000 5.000000 0.000000 1.000000 
780.474714 491.808964 -0.945208 0.000000 0.000000 2.000000 1.000000 
831.280297 522.132116 1.136096 3.000000 6.000000 0.000000 1.000000 
878.273619 500.041732 -1.971221 0.000000 0.000000 13.000000 1.000000 
935.720152 520.789412 0.073207 1.000000 5.000000 0.000000 1.000000 
920.240019 577.170889 0.240678 0.000000 0.000000 4.000000 1.000000 
864.235768 565.708255 -2.242054 2.000000 1.000000 0.000000 1.000000 
833.833882 615.957410 0.330723 3.000000 5.000000 0.000000 1.000000 
890.236820 637.224701 3.601212 0.000000 0.000000 7.000000 1.000000 
863.455178 685.386646 2.248417 0.000000 0.000000 16.000000 1.000000 
802.174580 660.484231 1.718884 0.000000 0.000000 18.000000 1.000000 
774.929343 710.495310 -0.028564 1.000000 2.000000 0.000000 1.000000 
