image_file_name:
IMG_030.jpg
rectangles:
469.337423 550.460123 1.535890 2.000000 2.000000 0.000000 1.000000 
545.442342 745.301496 -3.124139 0.000000 0.000000 12.000000 1.000000 
673.517058 470.801063 0.209440 5.000000 5.000000 0.000000 1.000000 
692.292793 593.170270 -0.017453 0.000000 0.000000 9.000000 1.000000 
768.482080 774.255245 0.436332 4.000000 4.000000 0.000000 1.000000 
811.680582 558.304409 1.500983 1.000000 4.000000 0.000000 1.000000 
823.810071 412.412102 0.296706 1.000000 6.000000 0.000000 1.000000 
955.759570 507.065806 0.174533 2.000000 1.000000 0.000000 1.000000 
1001.852338 684.577112 0.802851 4.000000 4.000000 0.000000 1.000000 
1035.759046 370.479125 1.483530 4.000000 1.000000 0.000000 1.000000 
1161.197447 511.622553 3.159046 0.000000 0.000000 4.000000 1.000000 
