image_file_name:
IMG_007.jpg
rectangles:
559.143788 434.805821 1.466077 0.000000 0.000000 8.000000 1.000000 
594.898729 620.513810 2.687807 0.000000 0.000000 12.000000 1.000000 
778.502300 355.249686 2.094395 0.000000 0.000000 4.000000 1.000000 
775.000000 514.742588 -2.967060 0.000000 0.000000 18.000000 1.000000 
802.699297 692.554567 -0.122173 0.000000 0.000000 12.000000 1.000000 
958.222581 456.184274 0.523599 0.000000 0.000000 7.000000 1.000000 
971.195269 595.433118 0.226893 0.000000 0.000000 19.000000 1.000000 
