image_file_name:
IMG_028.jpg
rectangles:
346.000000 885.000000 0.349066 6.000000 4.000000 0.000000 0.000000 
364.000000 705.000000 2.426008 0.000000 0.000000 1.000000 1.000000 
464.000000 955.000000 0.366519 1.000000 6.000000 0.000000 0.000000 
486.000000 494.000000 1.082104 5.000000 4.000000 0.000000 1.000000 
544.000000 1003.000000 0.209440 6.000000 3.000000 0.000000 0.000000 
633.000000 501.000000 -0.855211 0.000000 0.000000 14.000000 1.000000 
673.000000 624.000000 2.391101 0.000000 0.000000 7.000000 1.000000 
693.000000 1000.000000 0.436332 2.000000 5.000000 0.000000 0.000000 
716.000000 507.000000 0.890118 3.000000 5.000000 0.000000 1.000000 
787.000000 1080.000000 61.348323 0.000000 0.000000 9.000000 0.000000 
805.000000 518.000000 -0.209440 6.000000 6.000000 0.000000 1.000000 
836.000000 432.000000 -0.575959 4.000000 1.000000 0.000000 1.000000 
963.000000 1009.000000 -2.914700 0.000000 0.000000 19.000000 0.000000 
1007.000000 451.000000 0.523599 1.000000 1.000000 0.000000 1.000000 
1162.000000 447.000000 -1.291544 1.000000 1.000000 0.000000 1.000000 
1193.000000 1063.000000 2.967060 0.000000 0.000000 5.000000 0.000000 
