image_file_name:
IMG_032.jpg
rectangles:
161.000000 704.000000 3.127630 0.000000 0.000000 7.000000 0.000000 
162.000000 754.000000 1.556834 5.000000 5.000000 0.000000 0.000000 
162.000000 801.000000 1.546362 1.000000 4.000000 0.000000 0.000000 
263.000000 797.000000 65.922831 0.000000 0.000000 12.000000 0.000000 
262.000000 748.000000 -0.038397 5.000000 5.000000 0.000000 0.000000 
261.000000 699.000000 -0.020944 1.000000 3.000000 0.000000 0.000000 
211.000000 702.000000 -0.010183 4.000000 3.000000 0.000000 0.000000 
212.000000 752.000000 65.949200 0.000000 0.000000 1.000000 0.000000 
213.000000 800.000000 3.116203 6.000000 2.000000 0.000000 0.000000 
