image_file_name:
IMG_024.jpg
rectangles:
698.000000 728.000000 1.378810 4.000000 2.000000 0.000000 1.000000 
400.000000 388.000000 1.410226 6.000000 2.000000 0.000000 1.000000 
449.000000 382.000000 1.389282 6.000000 6.000000 0.000000 1.000000 
496.000000 366.000000 1.396263 4.000000 5.000000 0.000000 1.000000 
545.000000 359.000000 1.392773 6.000000 5.000000 0.000000 1.000000 
706.000000 836.000000 0.095993 4.000000 5.000000 0.000000 1.000000 
923.000000 541.000000 0.101229 2.000000 6.000000 0.000000 1.000000 
952.000000 394.000000 0.108210 2.000000 2.000000 0.000000 1.000000 
706.000000 885.000000 3.237102 3.000000 2.000000 0.000000 0.000000 
707.000000 786.000000 0.117109 4.000000 6.000000 0.000000 1.000000 
930.000000 492.000000 0.109741 2.000000 3.000000 0.000000 1.000000 
941.000000 443.000000 3.256469 5.000000 4.000000 0.000000 1.000000 
323.000000 817.000000 -0.110870 4.000000 6.000000 0.000000 0.000000 
373.000000 810.000000 -0.147262 5.000000 5.000000 0.000000 0.000000 
423.000000 805.000000 -0.136865 2.000000 1.000000 0.000000 0.000000 
472.000000 794.000000 -0.144595 6.000000 1.000000 0.000000 0.000000 
403.000000 587.000000 -0.280537 3.000000 6.000000 0.000000 1.000000 
451.000000 573.000000 -0.284518 5.000000 1.000000 0.000000 1.000000 
494.000000 543.000000 -0.272495 1.000000 3.000000 0.000000 1.000000 
541.000000 523.000000 -0.287576 3.000000 5.000000 0.000000 1.000000 
1029.000000 701.000000 -0.540420 5.000000 1.000000 0.000000 1.000000 
1077.000000 682.000000 -0.560687 5.000000 4.000000 0.000000 1.000000 
1117.000000 653.000000 -0.574480 3.000000 1.000000 0.000000 1.000000 
1157.000000 626.000000 -0.571229 2.000000 4.000000 0.000000 1.000000 
1302.000000 393.000000 2.052765 3.000000 6.000000 0.000000 1.000000 
1348.000000 414.000000 -1.056463 3.000000 5.000000 0.000000 1.000000 
1396.000000 429.000000 0.486466 2.000000 1.000000 0.000000 1.000000 
1442.000000 447.000000 3.634276 1.000000 1.000000 0.000000 1.000000 
1282.000000 683.000000 1.124602 4.000000 3.000000 0.000000 1.000000 
1302.000000 729.000000 -0.447570 6.000000 4.000000 0.000000 0.000000 
1322.000000 773.000000 -0.472241 5.000000 4.000000 0.000000 0.000000 
1345.000000 818.000000 -0.507072 4.000000 4.000000 0.000000 0.000000 
