image_file_name:
IMG_041.jpg
rectangles:
539.000000 659.000000 -2.146755 0.000000 0.000000 25.000000 1.000000 
574.000000 594.000000 -1.745329 0.000000 0.000000 11.000000 1.000000 
653.000000 589.000000 1.239184 6.000000 1.000000 0.000000 1.000000 
708.000000 688.000000 2.216568 0.000000 0.000000 20.000000 1.000000 
737.000000 470.000000 0.785398 1.000000 6.000000 0.000000 1.000000 
743.000000 565.000000 -0.558505 0.000000 0.000000 9.000000 1.000000 
827.000000 695.000000 3.857178 0.000000 0.000000 18.000000 1.000000 
851.000000 758.000000 0.628319 0.000000 0.000000 20.000000 1.000000 
855.000000 469.000000 3.630285 0.000000 0.000000 13.000000 1.000000 
953.000000 565.000000 0.767945 0.000000 0.000000 8.000000 1.000000 
952.000000 660.000000 0.174533 5.000000 5.000000 0.000000 1.000000 
872.000000 620.000000 -0.587522 1.000000 3.000000 0.000000 1.000000 
812.000000 617.000000 4.977178 0.000000 0.000000 1.000000 1.000000 
820.000000 559.000000 0.660954 0.000000 0.000000 16.000000 1.000000 
803.000000 502.000000 2.315834 0.000000 0.000000 23.000000 1.000000 
