image_file_name:
IMG_035.jpg
rectangles:
338.000000 403.000000 3.180035 6.000000 6.000000 0.000000 1.000000 
286.000000 399.000000 3.179838 3.000000 3.000000 0.000000 1.000000 
237.000000 400.000000 69.154621 0.000000 0.000000 24.000000 1.000000 
236.000000 448.000000 67.572212 0.000000 0.000000 21.000000 1.000000 
237.000000 498.000000 3.166875 2.000000 3.000000 0.000000 1.000000 
287.000000 499.000000 64.423684 0.000000 0.000000 3.000000 1.000000 
286.000000 449.000000 65.993223 0.000000 0.000000 2.000000 1.000000 
336.000000 452.000000 62.871949 0.000000 0.000000 18.000000 1.000000 
338.000000 503.000000 0.031939 2.000000 6.000000 0.000000 1.000000 
1182.000000 614.000000 0.069813 5.000000 1.000000 0.000000 1.000000 
1187.000000 566.000000 0.062090 3.000000 4.000000 0.000000 1.000000 
1191.000000 517.000000 0.048511 0.000000 0.000000 14.000000 1.000000 
1241.000000 516.000000 0.051457 4.000000 5.000000 0.000000 1.000000 
1238.000000 566.000000 -3.083748 0.000000 0.000000 13.000000 1.000000 
1233.000000 616.000000 -3.067635 0.000000 0.000000 16.000000 1.000000 
1283.000000 621.000000 0.048235 2.000000 4.000000 0.000000 1.000000 
1287.000000 571.000000 0.066594 3.000000 6.000000 0.000000 1.000000 
1293.000000 521.000000 1.643516 0.000000 0.000000 6.000000 1.000000 
