image_file_name:
IMG_036.jpg
rectangles:
320.000000 524.000000 0.401426 4.000000 1.000000 0.000000 1.000000 
462.000000 714.000000 0.418879 3.000000 1.000000 0.000000 1.000000 
471.000000 589.000000 0.069813 2.000000 4.000000 0.000000 1.000000 
563.000000 828.000000 0.680678 6.000000 5.000000 0.000000 0.000000 
583.000000 668.000000 0.802851 3.000000 5.000000 0.000000 1.000000 
607.000000 405.000000 1.466077 5.000000 4.000000 0.000000 1.000000 
691.000000 611.000000 0.471239 0.000000 0.000000 6.000000 1.000000 
710.000000 451.000000 0.261799 3.000000 6.000000 0.000000 1.000000 
743.000000 841.000000 -0.052360 0.000000 0.000000 23.000000 1.000000 
776.000000 572.000000 3.106686 0.000000 0.000000 22.000000 1.000000 
842.000000 714.000000 0.366519 4.000000 5.000000 0.000000 1.000000 
892.000000 318.000000 0.017453 0.000000 0.000000 13.000000 1.000000 
908.000000 867.000000 0.506145 0.000000 0.000000 21.000000 0.000000 
983.000000 468.000000 2.234021 0.000000 0.000000 11.000000 1.000000 
1006.000000 782.000000 2.757620 0.000000 0.000000 18.000000 1.000000 
1033.000000 626.000000 1.361357 3.000000 6.000000 0.000000 1.000000 
1167.000000 547.000000 0.191986 6.000000 1.000000 0.000000 1.000000 
1187.000000 732.000000 0.017453 1.000000 6.000000 0.000000 1.000000 
805.000000 765.000000 0.807903 3.000000 3.000000 0.000000 1.000000 
