image_file_name:
IMG_042.jpg
rectangles:
599.000000 560.000000 2.234021 0.000000 0.000000 20.000000 1.000000 
827.000000 421.000000 0.000000 0.000000 0.000000 8.000000 1.000000 
632.000000 508.000000 2.680826 0.000000 0.000000 25.000000 1.000000 
662.000000 462.000000 62.105796 0.000000 0.000000 9.000000 1.000000 
766.000000 414.000000 2.389356 0.000000 0.000000 20.000000 1.000000 
721.000000 454.000000 3.145083 0.000000 0.000000 11.000000 1.000000 
633.000000 924.000000 0.150098 5.000000 6.000000 0.000000 0.000000 
676.000000 969.000000 0.212930 5.000000 5.000000 0.000000 0.000000 
886.000000 444.000000 -0.363028 0.000000 0.000000 1.000000 1.000000 
1070.000000 572.000000 3.141593 0.000000 0.000000 16.000000 1.000000 
1024.000000 532.000000 -2.576106 0.000000 0.000000 18.000000 1.000000 
985.000000 495.000000 -2.841714 0.000000 0.000000 23.000000 1.000000 
685.000000 912.000000 0.114185 6.000000 1.000000 0.000000 0.000000 
944.000000 460.000000 3.626259 0.000000 0.000000 13.000000 1.000000 
803.000000 752.000000 -0.430988 1.000000 5.000000 0.000000 1.000000 
850.000000 737.000000 -0.405502 2.000000 4.000000 0.000000 1.000000 
829.000000 692.000000 -0.404454 1.000000 2.000000 0.000000 1.000000 
783.000000 707.000000 -0.402927 1.000000 3.000000 0.000000 1.000000 
985.000000 913.000000 0.658930 4.000000 3.000000 0.000000 0.000000 
1009.000000 967.000000 0.788811 4.000000 6.000000 0.000000 0.000000 
952.000000 954.000000 3.909346 3.000000 6.000000 0.000000 0.000000 
