image_file_name:
IMG_019.jpg
rectangles:
481.000000 758.000000 0.593412 4.000000 3.000000 0.000000 1.000000 
525.000000 671.000000 1.535890 4.000000 4.000000 0.000000 1.000000 
578.000000 458.000000 0.349066 4.000000 2.000000 0.000000 1.000000 
703.000000 723.000000 0.680678 4.000000 1.000000 0.000000 1.000000 
718.000000 597.000000 1.082104 4.000000 5.000000 0.000000 1.000000 
828.000000 490.000000 63.180919 4.000000 6.000000 0.000000 1.000000 
937.000000 471.000000 1.308997 3.000000 6.000000 0.000000 1.000000 
958.000000 592.000000 0.453786 3.000000 1.000000 0.000000 1.000000 
1069.000000 393.000000 1.291544 3.000000 5.000000 0.000000 1.000000 
1119.000000 547.000000 -0.054002 3.000000 3.000000 0.000000 1.000000 
1112.000000 755.000000 0.471239 3.000000 4.000000 0.000000 1.000000 
1010.000000 768.000000 0.994838 3.000000 2.000000 0.000000 1.000000 
