image_file_name:
IMG_021.jpg
rectangles:
599.745731 442.979127 -3.147530 0.000000 0.000000 4.000000 1.000000 
649.956357 440.920304 1.570702 0.000000 0.000000 3.000000 1.000000 
700.292220 440.089184 1.578326 0.000000 0.000000 25.000000 1.000000 
609.764706 555.869070 1.614910 0.000000 0.000000 14.000000 1.000000 
658.618596 562.085389 -3.089233 0.000000 0.000000 7.000000 1.000000 
707.508539 562.880455 -1.531765 0.000000 0.000000 18.000000 1.000000 
603.620493 663.516129 -0.017453 0.000000 0.000000 10.000000 1.000000 
652.438330 664.721063 -3.161317 0.000000 0.000000 16.000000 1.000000 
701.461101 662.721063 -3.158907 0.000000 0.000000 21.000000 1.000000 
