image_file_name:
IMG_047.jpg
rectangles:
554.000000 649.000000 0.244346 3.000000 6.000000 0.000000 1.000000 
560.000000 813.000000 0.314159 3.000000 1.000000 0.000000 1.000000 
717.000000 882.000000 1.570796 4.000000 6.000000 0.000000 0.000000 
765.000000 760.000000 1.500983 1.000000 6.000000 0.000000 1.000000 
822.000000 816.000000 -0.872665 0.000000 0.000000 13.000000 1.000000 
923.000000 839.000000 0.663225 1.000000 5.000000 0.000000 1.000000 
600.000000 699.000000 1.235693 1.000000 2.000000 0.000000 1.000000 
643.000000 631.000000 -1.696460 0.000000 0.000000 19.000000 1.000000 
652.000000 688.000000 1.073377 2.000000 6.000000 0.000000 1.000000 
649.000000 809.000000 0.336849 1.000000 1.000000 0.000000 1.000000 
674.000000 732.000000 1.038471 4.000000 5.000000 0.000000 1.000000 
924.000000 686.000000 -1.792453 0.000000 0.000000 4.000000 1.000000 
890.000000 747.000000 1.066396 2.000000 1.000000 0.000000 1.000000 
870.000000 693.000000 1.614430 3.000000 6.000000 0.000000 1.000000 
519.000000 923.000000 0.667767 6.000000 1.000000 0.000000 0.000000 
565.000000 885.000000 -0.065599 1.000000 3.000000 0.000000 0.000000 
543.000000 747.000000 1.282966 0.000000 0.000000 10.000000 1.000000 
604.000000 762.000000 1.142589 0.000000 0.000000 16.000000 1.000000 
698.000000 590.000000 -0.596551 6.000000 5.000000 0.000000 1.000000 
753.000000 620.000000 -0.258406 5.000000 4.000000 0.000000 1.000000 
799.000000 608.000000 1.294789 0.000000 0.000000 2.000000 1.000000 
822.000000 693.000000 0.045423 5.000000 5.000000 0.000000 1.000000 
769.000000 669.000000 -0.104720 0.000000 0.000000 1.000000 1.000000 
720.000000 705.000000 -0.692722 4.000000 1.000000 0.000000 1.000000 
708.000000 652.000000 -0.652708 5.000000 6.000000 0.000000 1.000000 
696.000000 777.000000 -0.572834 6.000000 3.000000 0.000000 1.000000 
728.000000 824.000000 0.347801 3.000000 5.000000 0.000000 1.000000 
852.000000 642.000000 -1.498675 0.000000 0.000000 22.000000 1.000000 
