image_file_name:
IMG_025.jpg
rectangles:
309.000000 619.000000 1.361357 5.000000 4.000000 0.000000 1.000000 
417.000000 371.000000 0.436332 5.000000 2.000000 0.000000 1.000000 
417.000000 653.000000 1.343904 1.000000 1.000000 0.000000 1.000000 
491.000000 740.000000 0.069813 6.000000 6.000000 0.000000 1.000000 
517.000000 487.000000 1.064651 1.000000 1.000000 0.000000 1.000000 
522.000000 674.000000 0.541052 1.000000 2.000000 0.000000 1.000000 
607.000000 381.000000 0.157080 5.000000 5.000000 0.000000 1.000000 
686.000000 665.000000 1.535890 2.000000 1.000000 0.000000 1.000000 
717.000000 864.000000 0.314159 4.000000 6.000000 0.000000 0.000000 
746.000000 365.000000 0.069813 4.000000 2.000000 0.000000 1.000000 
817.000000 678.000000 0.122173 6.000000 1.000000 0.000000 1.000000 
821.000000 456.000000 1.274090 2.000000 6.000000 0.000000 1.000000 
879.000000 449.000000 1.239184 2.000000 3.000000 0.000000 1.000000 
955.000000 600.000000 0.418879 1.000000 4.000000 0.000000 1.000000 
990.000000 402.000000 0.925025 6.000000 3.000000 0.000000 1.000000 
1058.000000 699.000000 0.977384 4.000000 3.000000 0.000000 1.000000 
1122.000000 441.000000 0.418879 5.000000 6.000000 0.000000 1.000000 
649.000000 570.000000 0.562924 3.000000 4.000000 0.000000 1.000000 
