image_file_name:
IMG_037.jpg
rectangles:
386.000000 688.000000 -0.191986 0.000000 0.000000 26.000000 1.000000 
406.000000 577.000000 0.331613 0.000000 0.000000 19.000000 1.000000 
472.000000 842.000000 -0.017453 1.000000 1.000000 0.000000 0.000000 
489.000000 705.000000 0.523599 2.000000 4.000000 0.000000 1.000000 
494.000000 768.000000 -0.296706 0.000000 0.000000 5.000000 1.000000 
543.000000 830.000000 0.523599 4.000000 2.000000 0.000000 0.000000 
551.000000 503.000000 -0.767945 0.000000 0.000000 2.000000 1.000000 
607.000000 405.000000 1.483530 5.000000 4.000000 0.000000 1.000000 
615.000000 736.000000 1.186824 5.000000 2.000000 0.000000 1.000000 
618.000000 632.000000 1.029744 1.000000 2.000000 0.000000 1.000000 
794.000000 811.000000 1.169371 0.000000 0.000000 15.000000 1.000000 
805.000000 604.000000 0.488692 0.000000 0.000000 19.000000 1.000000 
892.000000 318.000000 0.017453 0.000000 0.000000 13.000000 1.000000 
906.000000 610.000000 0.034907 4.000000 6.000000 0.000000 1.000000 
914.000000 828.000000 0.802851 0.000000 0.000000 22.000000 1.000000 
955.000000 456.000000 2.705260 0.000000 0.000000 11.000000 1.000000 
961.000000 714.000000 1.064651 3.000000 6.000000 0.000000 1.000000 
1055.000000 463.000000 1.117011 0.000000 0.000000 6.000000 1.000000 
743.000000 656.000000 1.053116 3.000000 4.000000 0.000000 1.000000 
