image_file_name:
IMG_018.jpg
rectangles:
409.000000 677.000000 0.820305 6.000000 6.000000 0.000000 1.000000 
458.000000 476.000000 0.680678 6.000000 2.000000 0.000000 1.000000 
572.000000 595.000000 1.064651 6.000000 4.000000 0.000000 1.000000 
598.000000 795.000000 0.471239 6.000000 3.000000 0.000000 1.000000 
691.000000 389.000000 0.785398 6.000000 5.000000 0.000000 1.000000 
770.000000 543.000000 0.680678 6.000000 1.000000 0.000000 1.000000 
931.000000 668.000000 1.483530 5.000000 3.000000 0.000000 1.000000 
1064.000000 618.000000 0.890118 5.000000 5.000000 0.000000 1.000000 
1067.000000 438.000000 1.151917 5.000000 4.000000 0.000000 1.000000 
1105.000000 791.000000 1.012291 5.000000 1.000000 0.000000 1.000000 
1165.000000 604.000000 1.448623 5.000000 6.000000 0.000000 1.000000 
1175.000000 410.000000 1.326450 5.000000 2.000000 0.000000 1.000000 
