image_file_name:
IMG_029.jpg
rectangles:
363.297624 704.483286 2.443461 0.000000 0.000000 1.000000 1.000000 
472.047201 799.928571 0.401426 6.000000 4.000000 0.000000 0.000000 
570.170811 731.293926 0.593412 1.000000 6.000000 0.000000 1.000000 
650.016712 413.988708 0.104720 5.000000 4.000000 0.000000 1.000000 
869.316874 535.188922 -1.500983 0.000000 0.000000 14.000000 1.000000 
968.307951 789.745477 2.321288 0.000000 0.000000 7.000000 1.000000 
1235.265689 739.471475 0.523599 3.000000 5.000000 0.000000 0.000000 
700.730458 810.199461 -0.262209 6.000000 3.000000 0.000000 1.000000 
