image_file_name:
IMG_046.jpg
rectangles:
734.778158 755.030151 0.069813 5.000000 1.000000 0.000000 1.000000 
892.062616 675.797757 0.102974 0.000000 0.000000 9.000000 1.000000 
887.301150 725.826623 0.102974 1.000000 4.000000 0.000000 1.000000 
740.617834 704.477707 0.068752 6.000000 6.000000 0.000000 1.000000 
745.496815 652.503185 0.218768 0.000000 0.000000 16.000000 1.000000 
794.299363 662.968153 3.236293 0.000000 0.000000 1.000000 1.000000 
843.216561 669.611465 1.677787 0.000000 0.000000 13.000000 1.000000 
788.477707 711.942675 1.665515 0.000000 0.000000 22.000000 1.000000 
837.923567 719.528662 0.094718 6.000000 3.000000 0.000000 1.000000 
782.949045 760.273885 1.642625 0.000000 0.000000 7.000000 1.000000 
831.280255 768.681529 0.086789 6.000000 1.000000 0.000000 1.000000 
880.668790 774.738854 0.089398 2.000000 5.000000 0.000000 1.000000 
