image_file_name:
IMG_027.jpg
rectangles:
536.000000 549.000000 1.169371 0.000000 0.000000 11.000000 1.000000 
540.000000 1075.000000 1.727876 0.000000 0.000000 22.000000 0.000000 
634.000000 748.000000 -0.802851 0.000000 0.000000 8.000000 1.000000 
644.000000 516.000000 2.548181 0.000000 0.000000 12.000000 1.000000 
692.000000 713.000000 0.314159 0.000000 0.000000 24.000000 1.000000 
744.000000 677.000000 -0.750492 0.000000 0.000000 26.000000 1.000000 
779.000000 458.000000 -2.583087 0.000000 0.000000 10.000000 1.000000 
817.000000 577.000000 2.042035 0.000000 0.000000 25.000000 1.000000 
859.000000 1072.000000 61.330870 0.000000 0.000000 9.000000 0.000000 
887.000000 407.000000 -0.575959 0.000000 0.000000 15.000000 1.000000 
898.000000 712.000000 -0.471239 0.000000 0.000000 3.000000 1.000000 
941.000000 453.000000 0.977384 0.000000 0.000000 17.000000 1.000000 
1034.000000 500.000000 -0.471239 0.000000 0.000000 8.000000 1.000000 
1199.000000 1056.000000 61.243603 0.000000 0.000000 22.000000 0.000000 
462.000000 683.000000 -1.078987 0.000000 0.000000 21.000000 1.000000 
508.000000 704.000000 0.409017 0.000000 0.000000 5.000000 1.000000 
698.000000 590.000000 -0.401721 0.000000 0.000000 2.000000 1.000000 
745.000000 579.000000 1.185506 0.000000 0.000000 17.000000 1.000000 
