This is version 1 of the 2018 MTRN4230 Assignment 1 scoring software

Scoring image: IMG_001.jpg
[DETECTED] [ANGLE] [COLOUR] [SHAPE] [LETTER] [REACHABLE]
[       2] [    1] [     1] [    1] [            1] [        1]
[       2] [    1] [     1] [    1] [            1] [        1]
[       2] [    1] [     1] [    1] [            1] [        1]
[       2] [    0] [     1] [    1] [            0] [        1]
[       2] [    1] [     1] [    1] [            1] [        1]

Scoring image: IMG_002.jpg
[DETECTED] [ANGLE] [COLOUR] [SHAPE] [LETTER] [REACHABLE]
[       2] [    1] [     1] [    1] [            1] [        1]
[       2] [    1] [     1] [    0] [            1] [        1]
[       2] [    1] [     1] [    1] [            1] [        1]
[       2] [    1] [     1] [    1] [            1] [        1]
[       2] [    1] [     1] [    1] [            1] [        1]

Scoring image: IMG_003.jpg
[DETECTED] [ANGLE] [COLOUR] [SHAPE] [LETTER] [REACHABLE]
[       2] [    1] [     1] [    1] [            1] [        1]
[       2] [    1] [     1] [    1] [            1] [        1]
[       2] [    1] [     1] [    1] [            1] [        1]
[       2] [    1] [     1] [    1] [            1] [        1]
[       2] [    1] [     1] [    1] [            1] [        1]

Scoring image: IMG_004.jpg
[DETECTED] [ANGLE] [COLOUR] [SHAPE] [LETTER] [REACHABLE]
[       2] [    1] [     1] [    1] [            1] [        1]
[       2] [    1] [     1] [    1] [            1] [        1]
[       2] [    1] [     1] [    1] [            1] [        1]
[       2] [    1] [     1] [    1] [            1] [        1]
[       2] [    1] [     1] [    1] [            1] [        1]

Scoring image: IMG_005.jpg
[DETECTED] [ANGLE] [COLOUR] [SHAPE] [LETTER] [REACHABLE]
[       2] [    1] [     1] [    1] [            1] [        1]
[       2] [    1] [     1] [    1] [            1] [        1]
[       2] [    1] [     1] [    1] [            1] [        1]
[       2] [    1] [     1] [    1] [            1] [        1]
[       2] [    1] [     1] [    1] [            1] [        1]

Scoring image: IMG_006.jpg
[DETECTED] [ANGLE] [COLOUR] [SHAPE] [LETTER] [REACHABLE]
[       2] [    1] [     1] [    1] [            1] [        1]
[       2] [    1] [     1] [    1] [            1] [        1]
[       2] [    0] [     1] [    1] [            0] [        1]
[       2] [    1] [     1] [    1] [            1] [        1]
[       2] [    1] [     1] [    1] [            1] [        1]
[       2] [    1] [     1] [    1] [            1] [        1]
[       2] [    1] [     1] [    1] [            1] [        1]
[       2] [    1] [     1] [    1] [            1] [        1]
[       2] [    1] [     1] [    1] [            1] [        1]
[       2] [    1] [     1] [    1] [            1] [        1]

Scoring image: IMG_007.jpg
[DETECTED] [ANGLE] [COLOUR] [SHAPE] [LETTER] [REACHABLE]
[       2] [    1] [     1] [    1] [            1] [        1]
[       2] [    1] [     1] [    1] [            1] [        1]
[       2] [    1] [     1] [    1] [            1] [        1]
[       2] [    1] [     1] [    1] [            1] [        1]
[       2] [    1] [     1] [    1] [            1] [        1]
[       2] [    1] [     1] [    1] [            1] [        1]
[       2] [    1] [     1] [    1] [            1] [        1]

Scoring image: IMG_008.jpg
[DETECTED] [ANGLE] [COLOUR] [SHAPE] [LETTER] [REACHABLE]
[       2] [    1] [     1] [    1] [            1] [        1]
[       2] [    1] [     1] [    1] [            1] [        1]
[       2] [    1] [     1] [    1] [            1] [        1]
[       2] [    1] [     1] [    1] [            1] [        1]

Scoring image: IMG_009.jpg
[DETECTED] [ANGLE] [COLOUR] [SHAPE] [LETTER] [REACHABLE]
[       2] [    1] [     1] [    1] [            1] [        1]
[       2] [    1] [     1] [    1] [            1] [        1]
[       2] [    1] [     1] [    1] [            1] [        1]

Scoring image: IMG_010.jpg
[DETECTED] [ANGLE] [COLOUR] [SHAPE] [LETTER] [REACHABLE]
[       2] [    1] [     1] [    1] [            1] [        1]
[       2] [    1] [     1] [    1] [            1] [        1]
[       2] [    1] [     1] [    1] [            1] [        1]

Scoring image: IMG_011.jpg
[DETECTED] [ANGLE] [COLOUR] [SHAPE] [LETTER] [REACHABLE]
[       2] [    1] [     1] [    1] [            1] [        1]
[       2] [    1] [     1] [    1] [            1] [        1]
[       2] [    1] [     1] [    1] [            1] [        1]
[       2] [    1] [     1] [    1] [            1] [        1]
[       2] [    1] [     1] [    1] [            1] [        1]
[       2] [    1] [     1] [    1] [            1] [        1]

Scoring image: IMG_012.jpg
[DETECTED] [ANGLE] [COLOUR] [SHAPE] [LETTER] [REACHABLE]
[       2] [    1] [     1] [    1] [            1] [        1]
[       2] [    1] [     1] [    1] [            1] [        1]
[       2] [    1] [     0] [    1] [            1] [        1]
[       2] [    1] [     1] [    1] [            1] [        1]
[       2] [    1] [     1] [    1] [            1] [        1]
[       2] [    1] [     1] [    0] [            1] [        1]

Scoring image: IMG_013.jpg
[DETECTED] [ANGLE] [COLOUR] [SHAPE] [LETTER] [REACHABLE]
[       2] [    1] [     1] [    0] [            1] [        1]
[       2] [    1] [     1] [    1] [            1] [        1]
[       2] [    1] [     1] [    1] [            1] [        1]
[       2] [    1] [     1] [    1] [            1] [        1]
[       2] [    1] [     1] [    1] [            1] [        1]
[       2] [    1] [     1] [    1] [            1] [        1]

Scoring image: IMG_014.jpg
[DETECTED] [ANGLE] [COLOUR] [SHAPE] [LETTER] [REACHABLE]
[       2] [    1] [     1] [    1] [            1] [        1]
[       2] [    1] [     1] [    1] [            1] [        1]
[       2] [    1] [     1] [    1] [            1] [        1]
[       2] [    1] [     1] [    0] [            1] [        1]
[       2] [    1] [     1] [    1] [            1] [        1]
[       2] [    1] [     1] [    1] [            1] [        1]

Scoring image: IMG_015.jpg
[DETECTED] [ANGLE] [COLOUR] [SHAPE] [LETTER] [REACHABLE]
[       2] [    1] [     1] [    1] [            1] [        1]
[       2] [    1] [     1] [    0] [            1] [        1]
[       2] [    1] [     1] [    1] [            1] [        1]
[       2] [    1] [     1] [    1] [            1] [        1]
[       2] [    1] [     1] [    1] [            1] [        1]
[       2] [    1] [     1] [    0] [            1] [        1]

Scoring image: IMG_016.jpg
[DETECTED] [ANGLE] [COLOUR] [SHAPE] [LETTER] [REACHABLE]
[       2] [    1] [     1] [    1] [            1] [        1]
[       2] [    1] [     1] [    1] [            1] [        1]
[       2] [    1] [     1] [    1] [            1] [        1]
[       2] [    1] [     1] [    1] [            1] [        1]
[       2] [    1] [     1] [    1] [            1] [        1]
[       2] [    1] [     1] [    1] [            1] [        1]

Scoring image: IMG_017.jpg
[DETECTED] [ANGLE] [COLOUR] [SHAPE] [LETTER] [REACHABLE]
[       2] [    1] [     1] [    1] [            1] [        1]
[       2] [    1] [     1] [    1] [            1] [        1]
[       2] [    1] [     1] [    1] [            1] [        1]
[       2] [    1] [     1] [    1] [            1] [        1]
[       2] [    1] [     1] [    1] [            1] [        1]
[       2] [    1] [     1] [    1] [            1] [        1]
[       2] [    1] [     1] [    1] [            1] [        1]
[       2] [    1] [     1] [    1] [            1] [        1]
[       2] [    1] [     1] [    1] [            1] [        1]
[       2] [    1] [     1] [    1] [            1] [        1]
[       2] [    1] [     1] [    0] [            1] [        1]
[       2] [    1] [     0] [    1] [            1] [        1]

Scoring image: IMG_018.jpg
[DETECTED] [ANGLE] [COLOUR] [SHAPE] [LETTER] [REACHABLE]
[       2] [    1] [     1] [    0] [            1] [        1]
[       2] [    1] [     1] [    1] [            1] [        1]
[       2] [    1] [     1] [    1] [            1] [        1]
[       2] [    1] [     1] [    1] [            1] [        1]
[       2] [    1] [     1] [    1] [            1] [        1]
[       2] [    1] [     1] [    1] [            1] [        1]
[       2] [    1] [     1] [    1] [            1] [        1]
[       2] [    1] [     1] [    1] [            1] [        1]
[       2] [    1] [     1] [    1] [            1] [        1]
[       2] [    1] [     1] [    1] [            1] [        1]
[       2] [    1] [     1] [    1] [            1] [        1]
[       2] [    1] [     1] [    1] [            1] [        1]

Scoring image: IMG_019.jpg
[DETECTED] [ANGLE] [COLOUR] [SHAPE] [LETTER] [REACHABLE]
[       2] [    1] [     1] [    1] [            1] [        1]
[       2] [    1] [     1] [    0] [            1] [        1]
[       2] [    1] [     1] [    0] [            1] [        1]
[       2] [    1] [     0] [    0] [            0] [        1]
[       2] [    1] [     1] [    1] [            1] [        1]
[       2] [    1] [     1] [    0] [            1] [        1]
[       2] [    1] [     1] [    1] [            1] [        1]
[       2] [    1] [     1] [    1] [            1] [        1]
[       2] [    1] [     1] [    1] [            1] [        1]
[       2] [    1] [     1] [    1] [            1] [        1]
[       2] [    1] [     1] [    1] [            1] [        1]
[       2] [    1] [     1] [    1] [            1] [        1]

Scoring image: IMG_020.jpg
[DETECTED] [ANGLE] [COLOUR] [SHAPE] [LETTER] [REACHABLE]
[       2] [    1] [     1] [    1] [            1] [        1]
[       2] [    1] [     1] [    0] [            1] [        1]
[       2] [    1] [     1] [    0] [            1] [        1]
[       2] [    1] [     1] [    1] [            1] [        1]
[       2] [    1] [     1] [    0] [            1] [        1]
[       2] [    1] [     1] [    0] [            1] [        1]
[       2] [    1] [     1] [    1] [            1] [        1]
[       2] [    1] [     1] [    1] [            1] [        1]
[       2] [    1] [     1] [    1] [            1] [        1]
[       2] [    1] [     1] [    1] [            1] [        1]
[       2] [    1] [     1] [    1] [            1] [        1]
[       2] [    1] [     1] [    1] [            1] [        1]

Scoring image: IMG_021.jpg
[DETECTED] [ANGLE] [COLOUR] [SHAPE] [LETTER] [REACHABLE]
[       2] [    1] [     1] [    1] [            1] [        1]
[       2] [    1] [     1] [    1] [            1] [        1]
[       2] [    1] [     1] [    1] [            1] [        1]
[       2] [    1] [     1] [    1] [            1] [        1]
[       2] [    1] [     1] [    1] [            1] [        1]
[       2] [    1] [     1] [    1] [            1] [        1]
[       2] [    1] [     1] [    1] [            1] [        1]
[       2] [    1] [     1] [    1] [            1] [        1]
[       2] [    1] [     1] [    1] [            1] [        1]

Scoring image: IMG_022.jpg
[DETECTED] [ANGLE] [COLOUR] [SHAPE] [LETTER] [REACHABLE]
[       2] [    1] [     1] [    1] [            1] [        1]
[       2] [    1] [     1] [    1] [            1] [        1]
[       2] [    1] [     1] [    1] [            1] [        1]
[       2] [    1] [     1] [    1] [            1] [        1]
[       2] [    1] [     1] [    1] [            1] [        1]
[       2] [    1] [     1] [    1] [            1] [        1]
[       2] [    1] [     1] [    1] [            1] [        1]
[       2] [    1] [     1] [    1] [            1] [        1]
[       2] [    1] [     1] [    1] [            1] [        1]
[       2] [    1] [     1] [    1] [            1] [        1]
[       2] [    1] [     1] [    1] [            1] [        1]
[       2] [    1] [     1] [    1] [            1] [        0]

Scoring image: IMG_023.jpg
[DETECTED] [ANGLE] [COLOUR] [SHAPE] [LETTER] [REACHABLE]
[       2] [    1] [     1] [    1] [            1] [        1]
[       2] [    1] [     1] [    1] [            1] [        1]
[       2] [    1] [     1] [    1] [            1] [        1]
[       2] [    1] [     1] [    1] [            1] [        1]
[       2] [    1] [     1] [    1] [            1] [        1]
[       2] [    1] [     1] [    1] [            1] [        1]
[       2] [    1] [     1] [    1] [            1] [        1]
[       2] [    1] [     1] [    1] [            1] [        1]
[       2] [    1] [     1] [    1] [            1] [        1]
[       2] [    1] [     1] [    1] [            1] [        1]
[       2] [    1] [     1] [    1] [            1] [        1]
[       2] [    1] [     1] [    1] [            1] [        1]
[       2] [    1] [     1] [    1] [            1] [        1]
[       2] [    1] [     1] [    1] [            1] [        1]
[       2] [    1] [     1] [    1] [            1] [        1]
[       2] [    1] [     1] [    1] [            1] [        1]
[       2] [    1] [     1] [    1] [            1] [        1]
[       2] [    1] [     1] [    1] [            1] [        1]
[       2] [    1] [     1] [    1] [            1] [        1]
[       2] [    1] [     1] [    1] [            1] [        1]
[       2] [    0] [     1] [    1] [            0] [        1]
[       2] [    1] [     1] [    1] [            1] [        1]
[       2] [    1] [     1] [    1] [            1] [        1]
[       2] [    1] [     1] [    1] [            1] [        1]
[       2] [    1] [     1] [    1] [            1] [        1]
[       2] [    1] [     1] [    1] [            1] [        1]
[       2] [    1] [     1] [    1] [            1] [        1]
[       2] [    1] [     1] [    1] [            1] [        1]
[       2] [    1] [     1] [    1] [            1] [        1]
[       2] [    1] [     1] [    1] [            1] [        1]

Scoring image: IMG_024.jpg
[DETECTED] [ANGLE] [COLOUR] [SHAPE] [LETTER] [REACHABLE]
[       2] [    1] [     1] [    1] [            1] [        1]
[       2] [    1] [     1] [    0] [            1] [        1]
[       2] [    1] [     1] [    1] [            1] [        1]
[       2] [    1] [     1] [    1] [            1] [        1]
[       2] [    1] [     1] [    1] [            1] [        1]
[       2] [    1] [     1] [    1] [            1] [        1]
[       2] [    1] [     1] [    1] [            1] [        1]
[       2] [    1] [     1] [    1] [            1] [        1]
[       2] [    1] [     1] [    1] [            1] [        1]
[       2] [    1] [     1] [    0] [            1] [        1]
[       2] [    1] [     0] [    1] [            1] [        1]
[       2] [    1] [     1] [    0] [            1] [        1]
[       2] [    1] [     1] [    0] [            1] [        1]
[       2] [    1] [     1] [    0] [            1] [        1]
[       2] [    1] [     1] [    1] [            1] [        1]
[       2] [    1] [     1] [    1] [            1] [        1]
[       2] [    1] [     1] [    1] [            1] [        1]
[       2] [    1] [     1] [    1] [            1] [        1]
[       2] [    1] [     1] [    1] [            1] [        1]
[       2] [    1] [     1] [    1] [            1] [        1]
[       2] [    1] [     1] [    1] [            1] [        1]
[       2] [    1] [     1] [    1] [            1] [        1]
[       2] [    1] [     1] [    1] [            1] [        1]
[       2] [    1] [     1] [    1] [            1] [        1]
[       2] [    1] [     1] [    1] [            1] [        1]
[       2] [    1] [     1] [    1] [            1] [        1]
[       2] [    1] [     1] [    0] [            1] [        1]
[       2] [    1] [     1] [    1] [            1] [        1]
[       2] [    1] [     1] [    1] [            1] [        1]
[       2] [    1] [     1] [    1] [            1] [        1]
[       2] [    1] [     1] [    1] [            1] [        1]
[       2] [    1] [     1] [    1] [            1] [        1]

Scoring image: IMG_025.jpg
[DETECTED] [ANGLE] [COLOUR] [SHAPE] [LETTER] [REACHABLE]
[       2] [    1] [     1] [    0] [            1] [        1]
[       2] [    1] [     1] [    1] [            1] [        1]
[       2] [    1] [     1] [    1] [            1] [        1]
[       2] [    1] [     1] [    1] [            1] [        1]
[       2] [    1] [     1] [    1] [            1] [        1]
[       2] [    1] [     1] [    1] [            1] [        1]
[       2] [    1] [     1] [    1] [            1] [        1]
[       2] [    1] [     1] [    1] [            1] [        1]
[       2] [    1] [     1] [    1] [            1] [        1]
[       2] [    1] [     1] [    1] [            1] [        1]
[       2] [    1] [     1] [    1] [            1] [        1]
[       2] [    1] [     0] [    1] [            1] [        1]
[       2] [    1] [     0] [    1] [            1] [        1]
[       2] [    1] [     1] [    1] [            1] [        1]
[       2] [    1] [     1] [    1] [            1] [        1]
[       2] [    1] [     1] [    1] [            1] [        1]
[       2] [    1] [     1] [    1] [            1] [        1]
[       2] [    1] [     1] [    1] [            1] [        1]

Scoring image: IMG_026.jpg
[DETECTED] [ANGLE] [COLOUR] [SHAPE] [LETTER] [REACHABLE]
[       2] [    1] [     1] [    1] [            1] [        1]
[       2] [    1] [     1] [    1] [            1] [        1]
[       2] [    1] [     1] [    1] [            1] [        1]
[       2] [    1] [     1] [    1] [            1] [        1]
[       2] [    1] [     1] [    1] [            1] [        1]
[       2] [    1] [     1] [    1] [            1] [        1]
[       2] [    1] [     1] [    1] [            1] [        1]
[       2] [    1] [     1] [    1] [            1] [        1]
[       2] [    1] [     1] [    1] [            1] [        1]
[       2] [    1] [     1] [    1] [            1] [        1]
[       2] [    1] [     1] [    1] [            1] [        1]
[       2] [    1] [     1] [    1] [            1] [        1]
[       2] [    1] [     1] [    1] [            1] [        1]
[       2] [    1] [     1] [    1] [            1] [        1]
[       2] [    1] [     1] [    1] [            1] [        1]
[       2] [    1] [     1] [    1] [            1] [        1]
[       2] [    1] [     1] [    1] [            1] [        1]
[       2] [    1] [     1] [    1] [            1] [        1]
[       2] [    1] [     1] [    1] [            1] [        1]
[       2] [    1] [     1] [    1] [            1] [        1]
[       2] [    1] [     1] [    1] [            1] [        1]
[       2] [    1] [     1] [    1] [            1] [        1]
[       2] [    1] [     1] [    1] [            1] [        1]

Scoring image: IMG_027.jpg
[DETECTED] [ANGLE] [COLOUR] [SHAPE] [LETTER] [REACHABLE]
[       2] [    1] [     1] [    1] [            1] [        1]
[       2] [    1] [     1] [    1] [            1] [        1]
[       2] [    1] [     1] [    1] [            1] [        1]
[       2] [    1] [     1] [    1] [            1] [        1]
[       2] [    1] [     1] [    1] [            1] [        1]
[       2] [    1] [     1] [    1] [            1] [        1]
[       2] [    1] [     1] [    1] [            1] [        1]
[       2] [    1] [     1] [    1] [            1] [        1]
[       2] [    1] [     1] [    1] [            0] [        1]
[       2] [    1] [     1] [    1] [            1] [        1]
[       2] [    1] [     1] [    1] [            1] [        1]
[       2] [    1] [     1] [    1] [            1] [        1]
[       2] [    1] [     1] [    1] [            1] [        1]
[       2] [    1] [     1] [    1] [            1] [        1]
[       2] [    1] [     1] [    1] [            1] [        1]
[       2] [    1] [     1] [    1] [            1] [        1]
[       2] [    1] [     1] [    1] [            1] [        1]
[       2] [    1] [     1] [    1] [            1] [        1]

Scoring image: IMG_028.jpg
[DETECTED] [ANGLE] [COLOUR] [SHAPE] [LETTER] [REACHABLE]
[       2] [    1] [     1] [    1] [            1] [        1]
[       2] [    1] [     1] [    1] [            1] [        1]
[       2] [    1] [     1] [    1] [            1] [        1]
[       2] [    1] [     1] [    1] [            1] [        1]
[       2] [    1] [     1] [    0] [            1] [        1]
[       2] [    1] [     1] [    1] [            1] [        1]
[       2] [    1] [     1] [    1] [            1] [        1]
[       2] [    1] [     1] [    1] [            1] [        1]
[       2] [    1] [     1] [    0] [            1] [        1]
[       2] [    1] [     1] [    1] [            1] [        1]
[       2] [    1] [     1] [    0] [            1] [        1]
[       2] [    1] [     1] [    0] [            1] [        1]
[       2] [    1] [     1] [    1] [            1] [        1]
[       2] [    1] [     1] [    1] [            1] [        1]
[       2] [    1] [     1] [    0] [            1] [        1]
[       2] [    1] [     1] [    1] [            1] [        1]

Scoring image: IMG_029.jpg
[DETECTED] [ANGLE] [COLOUR] [SHAPE] [LETTER] [REACHABLE]
[       2] [    1] [     1] [    1] [            1] [        1]
[       2] [    1] [     1] [    1] [            1] [        1]
[       2] [    1] [     1] [    1] [            1] [        1]
[       2] [    1] [     1] [    1] [            1] [        1]
[       2] [    1] [     1] [    1] [            1] [        1]
[       2] [    1] [     1] [    1] [            1] [        1]
[       2] [    1] [     1] [    1] [            1] [        0]
[       2] [    1] [     1] [    1] [            1] [        1]

Scoring image: IMG_030.jpg
[DETECTED] [ANGLE] [COLOUR] [SHAPE] [LETTER] [REACHABLE]
[       2] [    1] [     1] [    1] [            1] [        1]
[       2] [    1] [     1] [    1] [            1] [        1]
[       2] [    1] [     1] [    1] [            1] [        1]
[       2] [    1] [     1] [    1] [            1] [        1]
[       2] [    1] [     1] [    1] [            1] [        1]
[       2] [    1] [     1] [    1] [            1] [        1]
[       2] [    1] [     1] [    1] [            1] [        1]
[       2] [    1] [     1] [    1] [            1] [        1]
[       2] [    1] [     1] [    1] [            1] [        1]
[       2] [    1] [     1] [    0] [            1] [        1]
[       2] [    1] [     1] [    1] [            1] [        1]

Scoring image: IMG_031.jpg
[DETECTED] [ANGLE] [COLOUR] [SHAPE] [LETTER] [REACHABLE]
[       2] [    1] [     1] [    1] [            1] [        1]
[       2] [    1] [     1] [    1] [            1] [        1]
[       2] [    1] [     1] [    1] [            0] [        1]
[       2] [    1] [     1] [    1] [            1] [        1]
[       2] [    1] [     1] [    1] [            1] [        1]
[       2] [    1] [     1] [    1] [            1] [        1]
[       2] [    1] [     1] [    1] [            1] [        1]
[       2] [    1] [     1] [    1] [            1] [        1]
[       2] [    1] [     1] [    1] [            1] [        1]
[       2] [    1] [     1] [    1] [            1] [        1]
[       2] [    1] [     1] [    1] [            1] [        1]
[       2] [    1] [     1] [    1] [            1] [        1]
[       2] [    1] [     1] [    1] [            1] [        1]
[       2] [    1] [     1] [    1] [            1] [        1]
[       2] [    1] [     1] [    0] [            1] [        1]

Scoring image: IMG_032.jpg
[DETECTED] [ANGLE] [COLOUR] [SHAPE] [LETTER] [REACHABLE]
[       2] [    1] [     1] [    1] [            1] [        1]
[       2] [    1] [     1] [    0] [            1] [        1]
[       2] [    1] [     1] [    0] [            1] [        1]
[       2] [    1] [     1] [    1] [            1] [        1]
[       2] [    1] [     1] [    0] [            1] [        1]
[       2] [    1] [     1] [    0] [            1] [        1]
[       2] [    1] [     1] [    1] [            1] [        1]
[       2] [    1] [     1] [    1] [            1] [        1]
[       2] [    1] [     1] [    0] [            1] [        1]

Scoring image: IMG_033.jpg
[DETECTED] [ANGLE] [COLOUR] [SHAPE] [LETTER] [REACHABLE]
[       2] [    1] [     1] [    1] [            1] [        1]
[       2] [    1] [     1] [    1] [            1] [        1]
[       2] [    1] [     1] [    1] [            1] [        1]
[       2] [    1] [     1] [    1] [            1] [        1]
[       2] [    1] [     1] [    1] [            1] [        1]
[       2] [    1] [     1] [    0] [            1] [        1]
[       2] [    1] [     1] [    0] [            1] [        1]
[       2] [    1] [     1] [    1] [            1] [        1]
[       2] [    1] [     1] [    1] [            1] [        1]

Scoring image: IMG_034.jpg
[DETECTED] [ANGLE] [COLOUR] [SHAPE] [LETTER] [REACHABLE]
[       2] [    1] [     1] [    1] [            1] [        1]
[       2] [    1] [     1] [    1] [            1] [        1]
[       2] [    1] [     1] [    1] [            1] [        1]
[       2] [    1] [     1] [    1] [            1] [        1]
[       2] [    1] [     1] [    1] [            1] [        1]
[       2] [    1] [     1] [    0] [            1] [        1]
[       2] [    1] [     1] [    1] [            1] [        1]
[       2] [    1] [     1] [    1] [            1] [        1]
[       2] [    1] [     1] [    0] [            1] [        1]
[       2] [    1] [     1] [    1] [            1] [        1]
[       2] [    1] [     1] [    1] [            1] [        1]
[       2] [    1] [     1] [    1] [            1] [        1]
[       2] [    1] [     1] [    1] [            1] [        1]
[       2] [    1] [     1] [    1] [            1] [        1]
[       2] [    1] [     1] [    1] [            1] [        1]
[       2] [    1] [     1] [    1] [            1] [        0]
[       2] [    1] [     1] [    1] [            1] [        1]

Scoring image: IMG_035.jpg
[DETECTED] [ANGLE] [COLOUR] [SHAPE] [LETTER] [REACHABLE]
[       2] [    1] [     1] [    0] [            1] [        1]
[       2] [    1] [     1] [    0] [            1] [        1]
[       2] [    1] [     1] [    1] [            1] [        1]
[       2] [    1] [     1] [    1] [            1] [        1]
[       2] [    1] [     1] [    1] [            1] [        1]
[       2] [    1] [     1] [    1] [            1] [        1]
[       2] [    1] [     1] [    1] [            1] [        1]
[       2] [    1] [     1] [    1] [            1] [        1]
[       2] [    1] [     0] [    1] [            1] [        1]
[       2] [    1] [     1] [    1] [            1] [        1]
[       2] [    1] [     1] [    1] [            1] [        1]
[       2] [    1] [     1] [    1] [            1] [        1]
[       2] [    1] [     1] [    1] [            1] [        1]
[       2] [    1] [     1] [    1] [            1] [        1]
[       2] [    1] [     1] [    1] [            1] [        1]
[       2] [    1] [     1] [    1] [            1] [        1]
[       2] [    1] [     1] [    1] [            1] [        1]
[       2] [    1] [     1] [    1] [            1] [        1]

Scoring image: IMG_036.jpg
[DETECTED] [ANGLE] [COLOUR] [SHAPE] [LETTER] [REACHABLE]
[       2] [    1] [     1] [    0] [            1] [        1]
[       2] [    1] [     1] [    1] [            1] [        1]
[       2] [    1] [     1] [    1] [            1] [        1]
[       2] [    1] [     1] [    1] [            1] [        1]
[       2] [    1] [     1] [    1] [            1] [        1]
[       2] [    1] [     1] [    1] [            1] [        1]
[       2] [    1] [     1] [    1] [            1] [        1]
[       2] [    1] [     1] [    1] [            1] [        1]
[       2] [    1] [     1] [    1] [            1] [        1]
[       2] [    1] [     1] [    1] [            1] [        1]
[       2] [    1] [     1] [    1] [            1] [        1]
[       2] [    1] [     1] [    1] [            1] [        1]
[       2] [    1] [     1] [    1] [            1] [        1]
[       2] [    1] [     1] [    1] [            1] [        1]
[       2] [    1] [     1] [    1] [            1] [        1]
[       2] [    1] [     1] [    1] [            1] [        1]
[       2] [    1] [     1] [    1] [            1] [        1]
[       2] [    1] [     1] [    1] [            1] [        1]
[       2] [    1] [     1] [    1] [            1] [        1]

Scoring image: IMG_037.jpg
[DETECTED] [ANGLE] [COLOUR] [SHAPE] [LETTER] [REACHABLE]
[       2] [    1] [     1] [    1] [            1] [        1]
[       2] [    1] [     1] [    1] [            1] [        1]
[       2] [    1] [     1] [    1] [            1] [        1]
[       2] [    1] [     1] [    1] [            1] [        1]
[       2] [    1] [     1] [    1] [            1] [        1]
[       2] [    1] [     1] [    0] [            1] [        1]
[       2] [    1] [     1] [    1] [            1] [        1]
[       2] [    1] [     1] [    1] [            1] [        1]
[       2] [    1] [     1] [    1] [            1] [        1]
[       2] [    1] [     1] [    1] [            1] [        1]
[       2] [    1] [     1] [    1] [            1] [        1]
[       2] [    1] [     1] [    1] [            1] [        1]
[       2] [    1] [     1] [    1] [            1] [        1]
[       2] [    1] [     1] [    1] [            1] [        1]
[       2] [    1] [     1] [    1] [            1] [        1]
[       2] [    1] [     1] [    1] [            1] [        1]
[       2] [    1] [     1] [    1] [            1] [        1]
[       2] [    1] [     1] [    1] [            1] [        1]
[       2] [    1] [     1] [    0] [            1] [        1]

Scoring image: IMG_038.jpg
[DETECTED] [ANGLE] [COLOUR] [SHAPE] [LETTER] [REACHABLE]
[       2] [    1] [     1] [    1] [            1] [        1]
[       2] [    1] [     1] [    1] [            1] [        1]
[       2] [    1] [     1] [    0] [            1] [        1]
[       2] [    1] [     1] [    1] [            1] [        1]
[       2] [    1] [     1] [    1] [            1] [        1]
[       2] [    1] [     1] [    1] [            1] [        1]
[       2] [    1] [     1] [    1] [            1] [        1]
[       2] [    1] [     1] [    1] [            1] [        1]
[       2] [    1] [     1] [    1] [            1] [        1]
[       2] [    1] [     1] [    0] [            1] [        1]
[       2] [    1] [     1] [    1] [            1] [        1]
[       2] [    1] [     1] [    1] [            1] [        1]
[       2] [    1] [     1] [    1] [            1] [        1]
[       2] [    1] [     1] [    1] [            1] [        1]

Scoring image: IMG_039.jpg
[DETECTED] [ANGLE] [COLOUR] [SHAPE] [LETTER] [REACHABLE]
[       2] [    1] [     1] [    1] [            1] [        1]
[       2] [    0] [     1] [    0] [            1] [        1]
[       2] [    1] [     1] [    1] [            1] [        1]
[       2] [    1] [     1] [    1] [            1] [        1]
[       2] [    1] [     1] [    1] [            1] [        1]
[       2] [    1] [     1] [    1] [            1] [        1]
[       2] [    1] [     1] [    1] [            1] [        1]
[       2] [    1] [     1] [    1] [            1] [        1]
[       2] [    1] [     1] [    1] [            1] [        1]
[       2] [    1] [     1] [    1] [            1] [        1]
[       2] [    1] [     1] [    0] [            1] [        1]
[       2] [    1] [     1] [    1] [            1] [        1]
[       2] [    1] [     1] [    1] [            1] [        1]
[       2] [    1] [     1] [    1] [            1] [        1]
[       2] [    1] [     1] [    1] [            1] [        1]
[       2] [    1] [     1] [    1] [            1] [        1]
[       2] [    1] [     1] [    1] [            1] [        1]
[       2] [    1] [     1] [    1] [            1] [        1]

Scoring image: IMG_040.jpg
[DETECTED] [ANGLE] [COLOUR] [SHAPE] [LETTER] [REACHABLE]
[       2] [    1] [     1] [    1] [            1] [        1]
[       2] [    1] [     1] [    1] [            1] [        1]
[       2] [    1] [     1] [    1] [            1] [        1]
[       2] [    1] [     1] [    1] [            1] [        1]
[       2] [    1] [     1] [    1] [            1] [        1]
[       2] [    1] [     1] [    1] [            1] [        1]
[       2] [    1] [     1] [    1] [            1] [        1]
[       2] [    1] [     1] [    1] [            1] [        1]
[       2] [    1] [     1] [    1] [            1] [        1]
[       2] [    1] [     1] [    1] [            1] [        1]
[       2] [    1] [     1] [    1] [            1] [        1]
[       2] [    1] [     1] [    1] [            1] [        1]
[       2] [    1] [     1] [    1] [            1] [        1]
[       2] [    1] [     1] [    1] [            1] [        1]
[       2] [    1] [     1] [    1] [            1] [        1]

Scoring image: IMG_041.jpg
[DETECTED] [ANGLE] [COLOUR] [SHAPE] [LETTER] [REACHABLE]
[       2] [    1] [     1] [    1] [            1] [        1]
[       2] [    1] [     1] [    1] [            1] [        1]
[       2] [    1] [     1] [    1] [            1] [        1]
[       2] [    1] [     1] [    1] [            1] [        1]
[       2] [    1] [     1] [    1] [            1] [        1]
[       2] [    0] [     1] [    1] [            0] [        1]
[       2] [    1] [     1] [    1] [            1] [        1]
[       2] [    1] [     1] [    1] [            1] [        1]
[       2] [    1] [     1] [    1] [            1] [        1]
[       2] [    1] [     1] [    1] [            1] [        1]
[       2] [    1] [     1] [    1] [            1] [        1]
[       2] [    1] [     1] [    1] [            1] [        1]
[       2] [    1] [     1] [    1] [            1] [        1]
[       2] [    1] [     1] [    1] [            1] [        1]
[       2] [    1] [     1] [    1] [            1] [        1]

Scoring image: IMG_042.jpg
[DETECTED] [ANGLE] [COLOUR] [SHAPE] [LETTER] [REACHABLE]
[       2] [    1] [     1] [    1] [            1] [        1]
[       2] [    1] [     1] [    1] [            1] [        1]
[       2] [    1] [     1] [    1] [            1] [        1]
[       2] [    1] [     1] [    1] [            1] [        1]
[       2] [    1] [     1] [    1] [            1] [        1]
[       2] [    0] [     1] [    1] [            1] [        1]
[       2] [    1] [     1] [    1] [            1] [        1]
[       2] [    1] [     1] [    1] [            1] [        1]
[       2] [    1] [     1] [    1] [            1] [        1]
[       2] [    1] [     1] [    1] [            1] [        1]
[       2] [    1] [     1] [    1] [            1] [        1]
[       2] [    1] [     1] [    1] [            1] [        1]
[       2] [    1] [     1] [    1] [            1] [        1]
[       2] [    1] [     1] [    1] [            1] [        1]
[       2] [    1] [     1] [    1] [            1] [        1]
[       2] [    1] [     1] [    1] [            1] [        1]
[       2] [    1] [     1] [    1] [            1] [        1]
[       2] [    1] [     1] [    1] [            1] [        1]
[       2] [    1] [     1] [    1] [            1] [        1]
[       2] [    1] [     1] [    0] [            1] [        1]
[       2] [    1] [     1] [    1] [            1] [        1]

Scoring image: IMG_043.jpg
[DETECTED] [ANGLE] [COLOUR] [SHAPE] [LETTER] [REACHABLE]
[       2] [    1] [     1] [    1] [            1] [        1]
[       2] [    1] [     1] [    1] [            1] [        1]
[       2] [    1] [     1] [    1] [            1] [        1]
[       2] [    1] [     1] [    1] [            1] [        1]
[       2] [    1] [     1] [    1] [            1] [        1]
[       2] [    1] [     1] [    1] [            1] [        1]
[       2] [    1] [     1] [    1] [            0] [        1]
[       2] [    1] [     1] [    1] [            1] [        1]
[       2] [    1] [     1] [    1] [            1] [        1]
[       2] [    1] [     1] [    1] [            1] [        1]
[       2] [    1] [     1] [    1] [            1] [        1]
[       2] [    1] [     1] [    1] [            1] [        1]
[       2] [    1] [     1] [    1] [            1] [        1]
[       2] [    1] [     1] [    1] [            1] [        1]
[       2] [    1] [     1] [    1] [            1] [        1]
[       2] [    1] [     1] [    1] [            1] [        1]
[       2] [    1] [     1] [    1] [            1] [        1]
[       2] [    1] [     1] [    1] [            1] [        1]
[       2] [    1] [     1] [    1] [            1] [        1]
[       2] [    1] [     1] [    1] [            1] [        1]
[       2] [    1] [     1] [    1] [            1] [        1]

Scoring image: IMG_044.jpg
[DETECTED] [ANGLE] [COLOUR] [SHAPE] [LETTER] [REACHABLE]
[       2] [    1] [     0] [    0] [            0] [        1]
[       2] [    1] [     1] [    1] [            1] [        1]
[       2] [    1] [     1] [    1] [            1] [        1]
[       2] [    1] [     1] [    1] [            1] [        1]
[       2] [    1] [     1] [    1] [            1] [        1]
[       2] [    1] [     1] [    1] [            1] [        1]
[       2] [    0] [     1] [    1] [            1] [        1]
[       2] [    1] [     1] [    1] [            1] [        1]
[       2] [    1] [     1] [    1] [            1] [        1]
[       2] [    1] [     1] [    1] [            1] [        1]

Scoring image: IMG_045.jpg
[DETECTED] [ANGLE] [COLOUR] [SHAPE] [LETTER] [REACHABLE]
[       2] [    1] [     1] [    1] [            1] [        1]
[       2] [    1] [     1] [    1] [            1] [        1]
[       2] [    1] [     1] [    1] [            1] [        1]
[       2] [    1] [     1] [    1] [            1] [        1]
[       2] [    1] [     1] [    1] [            1] [        1]
[       2] [    1] [     1] [    1] [            1] [        1]
[       2] [    1] [     1] [    1] [            1] [        1]
[       2] [    1] [     1] [    1] [            1] [        1]
[       2] [    1] [     1] [    1] [            1] [        1]
[       2] [    1] [     1] [    1] [            1] [        1]
[       2] [    1] [     1] [    0] [            1] [        1]
[       2] [    1] [     1] [    1] [            1] [        1]
[       2] [    1] [     1] [    0] [            1] [        1]
[       2] [    1] [     1] [    1] [            1] [        1]
[       2] [    1] [     1] [    1] [            1] [        1]
[       2] [    1] [     1] [    0] [            1] [        1]
[       2] [    1] [     1] [    1] [            1] [        1]
[       2] [    1] [     1] [    1] [            1] [        1]

Scoring image: IMG_046.jpg
[DETECTED] [ANGLE] [COLOUR] [SHAPE] [LETTER] [REACHABLE]
[       2] [    1] [     1] [    0] [            1] [        1]
[       2] [    1] [     1] [    1] [            1] [        1]
[       2] [    1] [     1] [    1] [            1] [        1]
[       2] [    1] [     1] [    1] [            1] [        1]
[       2] [    1] [     1] [    1] [            1] [        1]
[       2] [    1] [     1] [    1] [            1] [        1]
[       2] [    1] [     1] [    1] [            1] [        1]
[       2] [    1] [     1] [    1] [            1] [        1]
[       2] [    1] [     1] [    0] [            1] [        1]
[       2] [    1] [     1] [    1] [            1] [        1]
[       2] [    1] [     1] [    1] [            1] [        1]
[       2] [    1] [     1] [    1] [            1] [        1]

Scoring image: IMG_047.jpg
[DETECTED] [ANGLE] [COLOUR] [SHAPE] [LETTER] [REACHABLE]
[       2] [    1] [     1] [    1] [            1] [        1]
[       2] [    1] [     1] [    1] [            1] [        1]
[       2] [    1] [     1] [    0] [            1] [        1]
[       2] [    1] [     1] [    1] [            1] [        1]
[       2] [    1] [     1] [    1] [            1] [        1]
[       2] [    1] [     1] [    1] [            1] [        1]
[       2] [    1] [     1] [    1] [            1] [        1]
[       2] [    1] [     1] [    1] [            1] [        1]
[       2] [    1] [     1] [    1] [            1] [        1]
[       2] [    1] [     1] [    1] [            1] [        1]
[       2] [    1] [     1] [    1] [            1] [        1]
[       2] [    1] [     1] [    1] [            1] [        1]
[       2] [    1] [     1] [    1] [            1] [        1]
[       2] [    1] [     1] [    1] [            1] [        1]
[       2] [    1] [     1] [    1] [            1] [        1]
[       2] [    1] [     1] [    1] [            1] [        1]
[       2] [    1] [     1] [    1] [            1] [        1]
[       2] [    1] [     1] [    1] [            1] [        1]
[       2] [    1] [     1] [    1] [            1] [        1]
[       2] [    1] [     1] [    1] [            1] [        1]
[       2] [    1] [     1] [    1] [            1] [        1]
[       2] [    1] [     1] [    1] [            1] [        1]
[       2] [    1] [     1] [    1] [            1] [        1]
[       2] [    0] [     1] [    0] [            1] [        1]
[       2] [    1] [     1] [    1] [            1] [        1]
[       2] [    1] [     1] [    1] [            1] [        1]
[       2] [    1] [     1] [    1] [            1] [        1]
[       2] [    1] [     1] [    1] [            1] [        1]

[       IMAGE] [SCORE]
[IMG_001.jpg] [   94]
[IMG_002.jpg] [   97]
[IMG_003.jpg] [  100]
[IMG_004.jpg] [  100]
[IMG_005.jpg] [  100]
[IMG_006.jpg] [   97]
[IMG_007.jpg] [  100]
[IMG_008.jpg] [  100]
[IMG_009.jpg] [  100]
[IMG_010.jpg] [  100]
[IMG_011.jpg] [  100]
[IMG_012.jpg] [   95]
[IMG_013.jpg] [   98]
[IMG_014.jpg] [   98]
[IMG_015.jpg] [   95]
[IMG_016.jpg] [  100]
[IMG_017.jpg] [   98]
[IMG_018.jpg] [   99]
[IMG_019.jpg] [   93]
[IMG_020.jpg] [   95]
[IMG_021.jpg] [  100]
[IMG_022.jpg] [   99]
[IMG_023.jpg] [   99]
[IMG_024.jpg] [   97]
[IMG_025.jpg] [   98]
[IMG_026.jpg] [  100]
[IMG_027.jpg] [   99]
[IMG_028.jpg] [   96]
[IMG_029.jpg] [   98]
[IMG_030.jpg] [   99]
[IMG_031.jpg] [   98]
[IMG_032.jpg] [   92]
[IMG_033.jpg] [   97]
[IMG_034.jpg] [   97]
[IMG_035.jpg] [   98]
[IMG_036.jpg] [   99]
[IMG_037.jpg] [   98]
[IMG_038.jpg] [   98]
[IMG_039.jpg] [   98]
[IMG_040.jpg] [  100]
[IMG_041.jpg] [   98]
[IMG_042.jpg] [   99]
[IMG_043.jpg] [   99]
[IMG_044.jpg] [   94]
[IMG_045.jpg] [   98]
[IMG_046.jpg] [   98]
[IMG_047.jpg] [   98]

TOTAL SCORE: 97.920654
Total run time: 258.694132